4907742,72,2625.0
4907742,878,5950.0
4907742,1406,6922.0
4907742,1970,7211.0
4907742,2142,2975.0
4907742,2922,6710.0
4907742,3160,3392.0
4907742,3618,8233.0
4907742,4245,7448.0
4907742,4516,7263.0
4907742,4664,6584.0
4907742,4714,8032.0
4907742,5061,5164.0
4907742,6019,6422.0
4907742,6556,8552.0
4907742,6587,7095.0
4907742,6964,4622.0
4907742,7453,968.0
4907742,7526,4952.0
4907742,8054,5593.0
4907742,8597,10987.0
4907742,8939,7901.0
4907742,9033,5383.0
4907742,9389,5057.0
4907742,9557,5445.0
4907742,9597,8913.0
4907742,10024,8389.0
4907742,10082,3039.0
4907742,10633,10013.0
4907742,10969,2448.0
4907742,11253,5259.0
4907742,11299,6601.0
4907742,11661,7476.0
4907742,11686,9984.0
4907742,11707,1854.0
4907742,12305,5987.0
4907742,12431,9483.0
4907742,12802,7563.0
4907742,12808,6849.0
4907742,13304,1238.0
4907742,13375,624.0
4907742,13463,1255.0
4907742,13514,4682.0
4907742,13747,8618.0
4907742,14521,2429.0
4907742,14791,7710.0
4907742,14963,8258.0
4907742,14983,5304.0
4907742,14994,1511.0
4907742,15498,4972.0
4907742,15698,4873.0
4907742,16359,4479.0
4907742,16459,4179.0
4907742,16618,5918.0
4907742,16714,7793.0
4907742,17522,2655.0
4907742,17846,4818.0
4907742,18422,6105.0
4907742,18723,1546.0
4907742,18815,8527.0
4907742,19352,6299.0
4907742,19366,5405.0
4907742,19384,9769.0
4907742,19787,3909.0
4907742,20102,9571.0
4907742,20251,215.0
4907742,20633,9002.0
4907742,20847,2085.0
4907742,21011,7159.0
4907742,22170,2759.0
4907742,22481,10238.0
4907742,23076,9285.0
4907742,23191,3455.0
4907742,23646,7104.0
4907742,24055,3722.0
4907742,24477,3586.0
4907742,24677,9801.0
4907742,24814,5814.0
4907742,25238,5540.0
4907742,25710,4910.0
4907742,25803,1924.0
4907742,26055,1410.0
4907742,26866,7752.0
4907742,26971,3485.0
4907742,27148,7124.0
4907742,28443,2017.0
4907742,28798,2135.0
4907742,28867,9086.0
4907742,28934,2524.0
4907742,28981,1997.0
4907742,29118,7894.0
4907742,29477,4889.0
4907742,30254,5819.0
4907742,30645,10576.0
4907742,31280,4929.0
4907742,31587,5728.0
4907742,31894,6879.0
4907742,32547,3682.0
4907742,32918,7583.0
4907742,33137,6105.0
4907742,33426,4389.0
4907742,33435,2433.0
4907742,33693,9847.0
4907742,34407,9651.0
4907742,34413,6170.0
4907742,34780,9651.0
4907742,34906,10677.0
4907742,35802,10495.0
4907742,35948,9696.0
4907742,35991,4030.0
4907742,36686,9583.0
4907742,36695,3656.0
4907742,36881,9252.0
4907742,36998,9148.0
4907742,37054,8052.0
4907742,37154,6885.0
4907742,37925,3636.0
4907742,38041,10923.0
4907742,38640,7033.0
4907742,39875,6590.0
4907742,39967,4824.0
4907742,40040,7537.0
4907742,40707,6713.0
4907742,40799,9003.0
4907742,41318,4543.0
4907742,42072,2235.0
4907742,42410,9190.0
4907742,42908,6129.0
4907742,42999,6443.0
4907742,43292,5556.0
4907742,43517,10496.0
4907742,43683,6651.0
4907742,43696,10515.0
4907742,43963,5229.0
4907742,44000,5187.0
4907742,44162,4582.0
4907742,44773,6113.0
4907742,45141,6558.0
4907742,45388,8224.0
4907742,45832,4054.0
4907742,46157,5567.0
4907742,47023,1829.0
4907742,47091,7642.0
4907742,47324,5012.0
4907742,47888,1630.0
4907742,48264,7425.0
4907742,48704,4810.0
4907742,49345,9674.0
4907742,49708,10245.0
4907742,49950,3082.0
4907742,50169,10112.0
4907742,51018,7423.0
4907742,51872,3334.0
4907742,52714,796.0
4907742,52790,4562.0
4907742,53478,5200.0
4907742,53481,9310.0
4907742,53800,8711.0
4907742,55391,5072.0
4907742,56143,7302.0
4907742,56148,9391.0
4907742,56559,7601.0
4907742,56848,5374.0
4907742,56855,6233.0
4907742,57019,9937.0
4907742,57827,6196.0
4907742,58109,10628.0
4907742,58436,9417.0
4907742,58587,4588.0
4907742,58890,4981.0
4907742,59042,10545.0
4907742,59942,2879.0
4907742,59975,3239.0
4907742,60372,4727.0
4907742,60618,5702.0
4907742,62113,6947.0
4907742,62369,3157.0
4907742,62519,6710.0
4907742,63345,687.0
4907742,64057,9792.0
4907742,64172,2113.0
4907742,64734,9530.0
4907742,64832,3791.0
4907742,65707,7835.0
4907742,65778,7264.0
4907742,65871,1548.0
4907742,65966,2513.0
4907742,66264,10193.0
4907742,67595,6672.0
4907742,67795,9616.0
4907742,68049,10514.0
4907742,68272,6386.0
4907742,68479,1266.0
4907742,69058,6379.0
4907742,69344,7859.0
4907742,69726,9152.0
4907742,69765,2263.0
4907742,69790,9718.0
4907742,69961,5803.0
4907742,69982,4582.0
4907742,70556,2441.0
4907742,71337,6170.0
4907742,71472,7435.0
4907742,72094,9479.0
4907742,72122,7107.0
4907742,72307,6151.0
4907742,72562,515.0
4907742,72756,5000.0
4907742,72839,1360.0
4907742,73172,5349.0
4907742,73199,3123.0
4907742,73200,10231.0
4907742,73608,5678.0
4907742,73960,3026.0
4907742,74373,9924.0
4907742,74566,6371.0
4907742,74808,6970.0
4907742,74849,5320.0
4907742,75509,6423.0
4907742,76316,2749.0
4907742,77325,6693.0
4907742,77891,3259.0
4907742,77904,4063.0
4907742,78011,5275.0
4907742,78293,5156.0
4907742,78440,6355.0
4907742,78501,4402.0
4907742,78626,6687.0
4907742,78730,8250.0
4907742,78741,2817.0
4907742,79016,7875.0
4907742,79190,7426.0
4907742,79982,5117.0
4907742,80418,5274.0
4907742,80526,6876.0
4907742,81002,9355.0
4907742,81635,2431.0
4907742,81744,6606.0
4907742,82088,4730.0
4907742,82653,4562.0
4907742,83960,6188.0
4907742,84195,8520.0
4907742,84885,6166.0
4907742,85054,5133.0
4907742,85144,1260.0
4907742,85298,5926.0
4907742,85676,4859.0
4907742,85794,4170.0
4907742,86008,2260.0
4907742,86130,5531.0
4907742,86930,6258.0
4907742,87012,6806.0
4907742,87181,5979.0
4907742,87284,4567.0
4907742,87339,348.0
4907742,88367,8612.0
4907742,88714,1763.0
4907742,89304,7815.0
4907742,89334,7647.0
4907742,89339,3583.0
4907742,89746,6135.0
4907742,89976,6462.0
4907742,90520,9286.0
4907742,90721,10483.0
4907742,90908,8980.0
4907742,91531,1194.0
4907742,91724,8794.0
4907742,91977,1877.0
4907742,92260,1140.0
4907742,92931,9354.0
4907742,93394,6802.0
4907742,93494,551.0
4907742,94439,2177.0
4907742,94892,10075.0
4907742,95915,5313.0
4907742,96476,3858.0
4907742,96502,6457.0
4907742,96598,5635.0
4907742,97154,2763.0
4907742,97222,8329.0
4907742,97510,9843.0
4907742,97711,10362.0
4907742,97715,7719.0
4907742,98061,6835.0
4907742,98142,5410.0
4907742,98588,4349.0
4907742,99878,10316.0
4907742,99890,10185.0
4907742,100285,10190.0
4907742,100917,9868.0
4907742,101424,1513.0
4907742,101574,7707.0
4907742,101586,9924.0
4907742,101636,10148.0
4907742,101911,2348.0
4907742,101955,5885.0
4907742,102376,6818.0
4907742,102570,3388.0
4907742,103023,4984.0
4907742,103231,5507.0
4907742,103396,1402.0
4907742,103399,7891.0
4907742,103470,5757.0
4907742,104607,6528.0
4907742,104754,5429.0
4907742,104768,9533.0
4907742,105403,10306.0
4907742,105835,4452.0
4907742,105981,4810.0
4907742,106582,6696.0
4907742,107009,6559.0
4907742,107313,1841.0
4907742,108254,7011.0
4907742,108810,5344.0
4907742,109091,2421.0
4907742,110224,9179.0
4907742,110265,9531.0
4907742,111190,9337.0
4907742,112311,2461.0
4907742,112324,6047.0
4907742,112466,5023.0
4907742,112548,3359.0
4907742,113343,2107.0
4907742,113351,5606.0
4907742,113531,4802.0
4907742,113711,8114.0
4907742,113796,3899.0
4907742,113956,7223.0
4907742,114055,7865.0
4907742,114983,9987.0
4907742,115040,6137.0
4907742,115467,11333.0
4907742,115536,5335.0
4907742,115540,4481.0
4907742,116095,4783.0
4907742,116133,7508.0
4907742,116508,4074.0
4907742,116584,5542.0
4907742,116639,5942.0
4907742,116674,8587.0
4907742,117459,7923.0
4907742,118808,3905.0
4907742,119213,3336.0
4907742,119560,7787.0
4907742,119674,9711.0
4907742,119939,8819.0
4907742,120168,7618.0
4907742,120288,10249.0
4907742,120379,5714.0
4907742,120448,5324.0
4907742,120768,2596.0
4907742,121762,740.0
4907742,122660,4704.0
4907742,122758,4167.0
4907742,122904,6007.0
4907742,123162,1960.0
4907742,124075,3193.0
4907742,124474,10526.0
4907742,124738,6656.0
4907742,125035,4980.0
4907742,125457,4829.0
4907742,126085,9996.0
4907742,126321,2057.0
4907742,126360,4202.0
4907742,126425,3846.0
4907742,126517,7713.0
4907742,126668,8591.0
4907742,126978,6249.0
4907742,127395,6157.0
4907742,128365,10249.0
4907742,128508,4720.0
4907742,128869,9342.0
4907742,129899,7649.0
4907742,129911,6375.0
4907742,130546,10889.0
4907742,131124,8708.0
4907742,131134,952.0
4907742,131175,3989.0
4907742,131413,6200.0
4907742,131551,8469.0
4907742,131596,7129.0
4907742,132013,1579.0
4907742,133076,7770.0
4907742,133249,9095.0
4907742,133592,6053.0
4907742,133867,5604.0
4907742,133927,9848.0
4907742,134032,9429.0
4907742,134384,10754.0
4907742,134539,8833.0
4907742,134583,2148.0
4907742,134859,1617.0
4907742,134997,4396.0
4907742,135290,6837.0
4907742,135634,2150.0
4907742,135762,1160.0
4907742,136658,1439.0
4907742,137674,4322.0
4907742,137977,9967.0
4907742,138764,9669.0
4907742,138834,6393.0
4907742,139170,2167.0
4907742,140183,3815.0
4907742,140506,3721.0
4907742,141353,10443.0
4907742,141372,9646.0
4907742,141429,5972.0
4907742,141733,6141.0
4907742,142412,1590.0
4907742,142419,6921.0
4907742,142582,5386.0
4907742,142721,8084.0
4907742,142733,3999.0
4907742,142759,8737.0
4907742,142965,1053.0
4907742,144234,1497.0
4907742,144331,5692.0
4907742,144755,1631.0
4907742,144868,5589.0
4907742,145129,2367.0
4907742,145154,9852.0
4907742,145158,10029.0
4907742,145239,9741.0
4907742,146082,7033.0
4907742,146458,5466.0
4907742,146598,6717.0
4907742,146811,2984.0
4907742,146973,8580.0
4907742,147801,9404.0
4907742,147841,2605.0
4907742,147893,4084.0
4907742,148813,6461.0
4907742,149136,4231.0
4907742,150125,5258.0
4907742,150527,10443.0
4907742,150923,10040.0
4907742,151210,1962.0
4907742,151313,7894.0
4907742,151465,7361.0
4907742,152211,9536.0
4907742,152377,9853.0
4907742,152970,9439.0
4907742,153282,5124.0
4907742,153384,5517.0
4907742,155411,9606.0
4907742,155706,6472.0
4907742,155729,2194.0
4907742,156486,6859.0
4907742,156720,1109.0
4907742,156956,6230.0
4907742,157032,1543.0
4907742,157061,5097.0
4907742,157101,4484.0
4907742,157349,2207.0
4907742,157374,5580.0
4907742,157845,9904.0
4907742,157859,4540.0
4907742,157946,4237.0
4907742,158194,6225.0
4907742,158214,2505.0
4907742,158721,6455.0
4907742,159032,1182.0
4907742,159140,8007.0
4907742,159264,9577.0
4907742,159999,2797.0
4907742,160043,9452.0
4907742,160136,1316.0
4907742,160154,4118.0
4907742,161271,4941.0
4907742,161539,2988.0
4907742,161759,10646.0
4907742,161883,10498.0
4907742,162273,6350.0
4907742,162351,9658.0
4907742,162584,9058.0
4907742,162605,6673.0
4907742,162611,2219.0
4907742,162722,5471.0
4907742,162850,2337.0
4907742,163449,7510.0
4907742,163528,822.0
4907742,163570,4131.0
4907742,164273,5309.0
4907742,165474,10430.0
4907742,165744,3050.0
4907742,165749,6035.0
4907742,165892,5797.0
4907742,165902,1600.0
4907742,166271,5625.0
4907742,166312,5714.0
4907742,166624,7115.0
4907742,167298,7012.0
4907742,167944,3901.0
4907742,168765,4474.0
4907742,169713,8530.0
4907742,169911,7085.0
4907742,169943,9053.0
4907742,170061,9190.0
4907742,170523,7099.0
4907742,170859,970.0
4907742,170953,5544.0
4907742,171338,5178.0
4907742,171622,8916.0
4907742,171935,7243.0
4907742,171954,9839.0
4907742,172043,7381.0
4907742,172203,2403.0
4907742,172948,5369.0
4907742,173529,7885.0
4907742,173587,4963.0
4907742,174043,1474.0
4907742,174444,6708.0
4907742,174471,5784.0
4907742,174918,5580.0
4907742,175563,10357.0
4907742,176242,7497.0
4907742,176985,4124.0
4907742,177031,9435.0
4907742,177075,4293.0
4907742,177272,5701.0
4907742,177444,8813.0
4907742,177701,7379.0
4907742,177959,7204.0
4907742,178024,8238.0
4907742,178229,9195.0
4907742,179070,7536.0
4907742,179241,1655.0
4907742,180670,5537.0
4907742,181244,8959.0
4907742,181696,435.0
4907742,181707,1326.0
4907742,181790,4177.0
4907742,181898,1833.0
4907742,182125,895.0
4907742,182229,4474.0
4907742,182676,5499.0
4907742,182928,714.0
4907742,183349,7860.0
4907742,183821,2567.0
4907742,184814,4216.0
4907742,185261,8450.0
4907742,187333,3426.0
4907742,187437,941.0
4907742,187718,4.0
4907742,187844,5392.0
4907742,188382,10216.0
4907742,188734,3062.0
4907742,188818,13484.0
4907742,189049,8907.0
4907742,190174,7203.0
4907742,190436,982.0
4907742,190568,9728.0
4907742,190840,9887.0
4907742,191166,2196.0
4907742,191470,9059.0
4907742,191555,5150.0
4907742,191591,4959.0
4907742,191928,9432.0
4907742,192185,4538.0
4907742,192637,10041.0
4907742,192895,6622.0
4907742,193640,9893.0
4907742,193679,6002.0
4907742,193828,2532.0
4907742,194569,4734.0
4907742,195164,5017.0
4907742,195292,2548.0
4907742,195534,1184.0
4907742,195576,6916.0
4907742,196793,2701.0
4907742,196967,2588.0
4907742,197139,9539.0
4907742,197197,6106.0
4907742,197921,7610.0
4907742,198367,5194.0
4907742,198383,8001.0
4907742,198695,8144.0
4907742,198785,4862.0
4907742,198811,2094.0
4907742,198837,3737.0
4907742,199496,1264.0
4907742,200061,8195.0
4907742,200367,11281.0
4907742,200381,9760.0
4907742,201204,1381.0
4907742,201722,5730.0
4907742,202107,8239.0
4907742,202728,9652.0
4907742,202805,10021.0
4907742,202817,10807.0
4907742,203719,1759.0
4907742,204194,10228.0
4907742,204294,7436.0
4907742,204438,2480.0
4907742,204601,6466.0
4907742,205171,6363.0
4907742,205499,5572.0
4907742,205557,5903.0
4907742,205714,2488.0
4907742,205883,7472.0
4907742,206050,8945.0
4907742,206633,5176.0
4907742,206748,1238.0
4907742,207688,4720.0
4907742,208075,9713.0
4907742,208350,4930.0
4907742,208607,8340.0
4907742,210886,8258.0
4907742,211238,9699.0
4907742,212588,3584.0
4907742,213040,6214.0
4907742,213082,1910.0
4907742,213115,9364.0
4907742,213270,4684.0
4907742,213425,4559.0
4907742,213516,10351.0
4907742,213573,4024.0
4907742,213829,1297.0
4907742,213854,539.0
4907742,213956,4764.0
4907742,214014,1758.0
4907742,214228,2605.0
4907742,214411,3019.0
4907742,214901,7780.0
4907742,215230,5805.0
4907742,215299,9423.0
4907742,215384,10308.0
4907742,215396,4497.0
4907742,215914,7498.0
4907742,216087,6653.0
4907742,216259,5570.0
4907742,216356,10159.0
4907742,216483,7093.0
4907742,216564,4733.0
4907742,217621,2619.0
4907742,217625,6589.0
4907742,217627,9936.0
4907742,218025,1503.0
4907742,218314,5081.0
4907742,218407,3227.0
4907742,218454,352.0
4907742,218793,8720.0
4907742,219213,2411.0
4907742,219363,2104.0
4907742,219389,9803.0
4907742,219390,1948.0
4907742,220943,6107.0
4907742,221576,10075.0
4907742,221619,7049.0
4907742,222131,4482.0
4907742,222260,3718.0
4907742,222504,3420.0
4907742,222618,9545.0
4907742,223019,1497.0
4907742,223789,6798.0
4907742,223797,964.0
4907742,223825,4614.0
4907742,223836,8360.0
4907742,223985,3835.0
4907742,225173,10980.0
4907742,225467,6073.0
4907742,225656,2093.0
4907742,226398,5002.0
4907742,226604,6134.0
4907742,226823,540.0
4907742,226849,6623.0
4907742,226912,6926.0
4907742,227076,272.0
4907742,227477,9620.0
4907742,227738,8791.0
4907742,228989,6938.0
4907742,229153,6462.0
4907742,229596,9429.0
4907742,229940,4953.0
4907742,230345,8161.0
4907742,230449,8931.0
4907742,230696,6431.0
4907742,230770,5812.0
4907742,231027,797.0
4907742,231160,6521.0
4907742,231236,2961.0
4907742,231363,5700.0
4907742,231371,9036.0
4907742,231730,10620.0
4907742,231896,6506.0
4907742,232161,1592.0
4907742,232351,6904.0
4907742,232439,3209.0
4907742,232794,6014.0
4907742,232862,1988.0
4907742,233755,6787.0
4907742,233822,2388.0
4907742,233933,5583.0
4907742,234021,8216.0
4907742,234855,831.0
4907742,237366,1196.0
4907742,237415,9826.0
4907742,238324,9406.0
4907742,239131,7496.0
4907742,239621,9943.0
4907742,239850,2222.0
4907742,240509,9978.0
4907742,240571,6343.0
4907742,240837,6598.0
4907742,242528,8856.0
4907742,242661,10679.0
4907742,244322,9148.0
4907742,245257,9625.0
4907742,245431,6486.0
4907742,246099,6247.0
4907742,246145,7209.0
4907742,246308,4208.0
4907742,246504,1279.0
4907742,247021,2429.0
4907742,247193,9194.0
4907742,247242,8932.0
4907742,247390,10246.0
4907742,248596,7352.0
4907742,250246,7880.0
4907742,251162,2888.0
4907742,251328,9911.0
4907742,251338,6553.0
4907742,251446,699.0
4907742,251552,7382.0
4907742,251684,1140.0
4907742,252680,3776.0
4907742,252826,4347.0
4907742,252964,5040.0
4907742,253212,6852.0
4907742,253850,3983.0
4907742,254179,10412.0
4907742,254628,1590.0
4907742,254979,6440.0
4907742,255424,10147.0
4907742,255818,8201.0
4907742,256059,4367.0
4907742,256853,2303.0
4907742,256989,10548.0
4907742,257144,5680.0
4907742,257202,2697.0
4907742,257231,9225.0
4907742,257662,7819.0
4907742,257671,7524.0
4907742,258143,5826.0
4907742,258249,4182.0
4907742,260368,1550.0
4907742,261106,1017.0
4907742,261291,6293.0
4907742,261572,1728.0
4907742,261615,5621.0
4907742,261813,7855.0
4907742,261835,9978.0
4907742,262337,1580.0
4907742,262864,2528.0
4907742,263147,8559.0
4907742,263149,5319.0
4907742,263449,10363.0
4907742,263592,9127.0
4907742,264058,2714.0
4907742,264400,8802.0
4907742,264532,5801.0
4907742,264596,6633.0
4907742,264914,4415.0
4907742,265051,7762.0
4907742,265095,6494.0
4907742,265806,9050.0
4907742,265971,7438.0
4907742,266064,6340.0
4907742,266387,4922.0
4907742,266525,4150.0
4907742,267044,5938.0
4907742,267349,2838.0
4907742,267501,4527.0
4907742,267911,617.0
4907742,269036,8545.0
4907742,269882,5518.0
4907742,270064,6605.0
4907742,270085,1986.0
4907742,271362,6380.0
4907742,271535,10874.0
4907742,271642,2689.0
4907742,271653,5496.0
4907742,271710,6454.0
4907742,272023,3594.0
4907742,272628,8274.0
4907742,272652,8426.0
4907742,272924,2523.0
4907742,272980,7155.0
4907742,273082,9471.0
4907742,274499,4890.0
4907742,274814,9268.0
4907742,275214,4661.0
4907742,275746,6331.0
4907742,276136,6630.0
4907742,276628,1586.0
4907742,276834,5548.0
4907742,276976,5239.0
4907742,277209,2446.0
4907742,277251,4951.0
4907742,277279,4482.0
4907742,277481,7396.0
4907742,277766,999.0
4907742,277951,9461.0
4907742,278003,8906.0
4907742,278660,7490.0
4907742,279443,10404.0
4907742,279675,4168.0
4907742,279865,6438.0
4907742,280296,9955.0
4907742,280447,8785.0
4907742,280595,5968.0
4907742,280767,2191.0
4907742,280882,9333.0
4907742,281135,9016.0
4907742,281374,9350.0
4907742,282018,6270.0
4907742,283722,785.0
4907742,283853,10761.0
4907742,284012,6675.0
4907742,285004,9469.0
4907742,286157,7478.0
4907742,286236,7344.0
4907742,286594,10775.0
4907742,286676,7461.0
4907742,287081,4523.0
4907742,287310,8453.0
4907742,287577,5823.0
4907742,287755,2849.0
4907742,288386,6448.0
4907742,288589,9954.0
4907742,289600,3647.0
4907742,290110,6206.0
4907742,290141,2661.0
4907742,290632,9914.0
4907742,290760,1879.0
4907742,291008,8937.0
4907742,292696,8755.0
4907742,292782,4761.0
4907742,292959,3758.0
4907742,293476,5818.0
4907742,294059,9164.0
4907742,294446,2715.0
4907742,296010,5141.0
4907742,296258,5953.0
4907742,296813,2653.0
4907742,296980,9645.0
4907742,297227,2045.0
4907742,297525,2218.0
4907742,298077,9719.0
4907742,298867,4807.0
4907742,298919,10014.0
4907742,299049,5852.0
4907742,299106,9072.0
4907742,299199,6861.0
4907742,299943,9248.0
4907742,300331,6528.0
4907742,300635,7920.0
4907742,300759,1499.0
4907742,300814,7341.0
4907742,300827,6628.0
4907742,301007,4008.0
4907742,301305,10365.0
4907742,301710,9545.0
4907742,301873,6968.0
4907742,301933,4804.0
4907742,304640,8949.0
4907742,304838,8414.0
4907742,304927,9581.0
4907742,304932,10042.0
4907742,305364,580.0
4907742,305640,5779.0
4907742,305905,1160.0
4907742,307084,9054.0
4907742,307285,1261.0
4907742,307826,8022.0
4907742,307998,10291.0
4907742,308505,11560.0
4907742,308578,2420.0
4907742,308618,8105.0
4907742,308842,3151.0
4907742,308967,2564.0
4907742,309076,5210.0
4907742,309189,7538.0
4907742,309245,10642.0
4907742,309483,3876.0
4907742,309491,7702.0
4907742,309526,4741.0
4907742,309802,9499.0
4907742,310002,9087.0
4907742,310356,7028.0
4907742,310506,10404.0
4907742,310560,8669.0
4907742,310577,5376.0
4907742,310938,4943.0
4907742,311821,10758.0
4907742,312708,9577.0
4907742,313140,4253.0
4907742,313393,5392.0
4907742,313539,3939.0
4907742,313622,6241.0
4907742,313877,7473.0
4907742,314305,1987.0
4907742,315011,5259.0
4907742,315106,10132.0
4907742,315273,5676.0
4907742,315452,2607.0
4907742,315693,8588.0
4907742,315911,1182.0
4907742,316005,6665.0
4907742,316344,6131.0
4907742,316529,7113.0
4907742,316958,8942.0
4907742,317763,2654.0
4907742,317845,3673.0
4907742,318026,7668.0
4907742,318149,5417.0
4907742,318163,10687.0
4907742,318313,2775.0
4907742,318556,4230.0
4907742,318714,6406.0
4907742,319126,10165.0
4907742,319957,7449.0
4907742,320328,9309.0
4907742,320536,8832.0
4907742,320725,9239.0
4907742,321524,5920.0
4907742,321660,2010.0
4907742,321849,2755.0
4907742,322260,3995.0
4907742,322431,5794.0
4907742,323310,6590.0
4907742,323315,2333.0
4907742,323508,7835.0
4907742,324144,1408.0
4907742,324192,8174.0
4907742,324196,9886.0
4907742,324215,6279.0
4907742,324600,3954.0
4907742,325052,7044.0
4907742,325095,8097.0
4907742,325191,657.0
4907742,325823,10040.0
4907742,325834,5030.0
4907742,326593,5906.0
4907742,326715,6818.0
4907742,327043,8684.0
4907742,327123,8427.0
4907742,327163,8892.0
4907742,327273,9485.0
4907742,327631,5734.0
4907742,328208,8459.0
4907742,329539,10471.0
4907742,330937,3709.0
4907742,331180,6644.0
4907742,331383,4576.0
4907742,331549,2265.0
4907742,331605,9375.0
4907742,331859,7448.0
4907742,332428,4347.0
4907742,332752,3170.0
4907742,332929,5208.0
4907742,333097,1555.0
4907742,333242,6739.0
4907742,333306,9894.0
4907742,334274,3536.0
4907742,334574,4957.0
4907742,334913,5679.0
4907742,335638,3531.0
4907742,335823,5934.0
4907742,335957,3583.0
4907742,335960,6170.0
4907742,336835,1255.0
4907742,337211,1930.0
4907742,337352,7358.0
4907742,337356,9799.0
4907742,337861,1686.0
4907742,338069,5239.0
4907742,338511,6902.0
4907742,338622,1592.0
4907742,338718,10922.0
4907742,338781,9276.0
4907742,339345,7390.0
4907742,339592,7292.0
4907742,339601,9178.0
4907742,339637,9859.0
4907742,339715,6621.0
4907742,339836,2524.0
4907742,340843,4445.0
4907742,341473,9266.0
4907742,341628,7681.0
4907742,341722,5645.0
4907742,341898,9280.0
4907742,342605,8156.0
4907742,342697,10868.0
4907742,343560,1421.0
4907742,343672,3584.0
4907742,344099,9430.0
4907742,344177,2508.0
4907742,345149,3292.0
4907742,345355,7881.0
4907742,345506,12377.0
4907742,346391,9328.0
4907742,346625,2275.0
4907742,347442,10065.0
4907742,348330,4657.0
4907742,348818,5493.0
4907742,349408,10026.0
4907742,349691,10444.0
4907742,349750,8986.0
4907742,349898,6775.0
4907742,350866,6285.0
4907742,351366,9431.0
4907742,351813,7347.0
4907742,351893,5185.0
4907742,351986,7394.0
4907742,352016,8026.0
4907742,352477,10656.0
4907742,353395,7319.0
4907742,353468,5905.0
4907742,354572,2242.0
4907742,354713,6143.0
4907742,354775,5595.0
4907742,355545,9432.0
4907742,355621,6814.0
4907742,355742,5929.0
4907742,355843,2387.0
4907742,356170,5024.0
4907742,356467,5767.0
4907742,356480,1863.0
4907742,356945,7315.0
4907742,356990,3739.0
4907742,358071,4365.0
4907742,358331,11087.0
4907742,358900,7359.0
4907742,359530,9169.0
4907742,359706,867.0
4907742,359785,1697.0
4907742,359813,6368.0
4907742,360475,3231.0
4907742,360765,8349.0
4907742,360940,9309.0
4907742,361173,6133.0
4907742,361633,7327.0
4907742,361974,8308.0
4907742,362784,5532.0
4907742,363046,5294.0
4907742,363593,8103.0
4907742,363722,2088.0
4907742,363781,3293.0
4907742,363924,5639.0
4907742,364057,6246.0
4907742,364180,10523.0
4907742,364587,1794.0
4907742,365304,7356.0
4907742,365315,5943.0
4907742,365536,5054.0
4907742,366202,9082.0
4907742,367050,7122.0
4907742,367445,5267.0
4907742,367483,4668.0
4907742,368110,3506.0
4907742,368128,8663.0
4907742,368222,3990.0
4907742,368559,6446.0
4907742,369834,2079.0
4907742,370022,7729.0
4907742,370058,9567.0
4907742,370182,4859.0
4907742,370201,1695.0
4907742,370850,6223.0
4907742,371090,9835.0
4907742,371827,7811.0
4907742,372228,3217.0
4907742,372584,6755.0
4907742,372614,8508.0
4907742,372934,7098.0
4907742,373027,8831.0
4907742,374032,7841.0
4907742,374585,6387.0
4907742,375166,9193.0
4907742,375224,8759.0
4907742,375227,8596.0
4907742,376191,10663.0
4907742,376195,5700.0
4907742,376396,5560.0
4907742,376488,9044.0
4907742,376593,6607.0
4907742,376959,7400.0
4907742,377512,4707.0
4907742,377522,8981.0
4907742,377601,9519.0
4907742,377628,5684.0
4907742,378234,3917.0
4907742,378430,4789.0
4907742,378432,9044.0
4907742,378836,3781.0
4907742,378897,2594.0
4907742,379468,8198.0
4907742,379516,6282.0
4907742,380381,10174.0
4907742,381527,6416.0
4907742,381944,9820.0
4907742,382667,5836.0
4907742,382906,6203.0
4907742,383238,4067.0
4907742,384165,9304.0
4907742,384290,9320.0
4907742,384522,5291.0
4907742,384642,1811.0
4907742,384912,9657.0
4907742,385208,7924.0
4907742,385335,9723.0
4907742,385432,5844.0
4907742,385820,10170.0
4907742,386144,6127.0
4907742,386466,6666.0
4907742,387182,6206.0
4907742,387375,9934.0
4907742,387388,1897.0
4907742,387540,5355.0
4907742,387980,4264.0
4907742,388304,4159.0
4907742,388563,1501.0
4907742,389497,1672.0
4907742,389533,10128.0
4907742,389689,3529.0
4907742,390148,4970.0
4907742,390182,7675.0
4907742,390394,5754.0
4907742,390419,10882.0
4907742,390444,5868.0
4907742,390461,5489.0
4907742,390504,9966.0
4907742,390525,1924.0
4907742,390625,8866.0
4907742,390774,8354.0
4907742,390836,9642.0
4907742,391443,9611.0
4907742,391813,3196.0
4907742,391855,9178.0
4907742,393626,2439.0
4907742,394154,2582.0
4907742,394459,6278.0
4907742,394982,9761.0
4907742,395075,7715.0
4907742,395542,8708.0
4907742,397095,9728.0
4907742,397732,2695.0
4907742,397784,8945.0
4907742,397804,8677.0
4907742,397983,7341.0
4907742,398240,4985.0
4907742,398283,2813.0
4907742,398743,3442.0
4907742,399392,8554.0
4907742,399402,5057.0
4907742,399539,6043.0
4907742,399860,7948.0
4907742,399968,8308.0
4907742,401282,5602.0
4907742,401538,3386.0
4907742,401545,7754.0
4907742,401660,9266.0
4907742,401697,9435.0
4907742,401851,2496.0
4907742,401868,5238.0
4907742,402209,8974.0
4907742,402354,9784.0
4907742,402557,3581.0
4907742,402815,4580.0
4907742,403424,2948.0
4907742,404787,8011.0
4907742,404928,10968.0
4907742,405330,3297.0
4907742,405395,6623.0
4907742,405691,5897.0
4907742,406191,10787.0
4907742,406252,6646.0
4907742,406674,7986.0
4907742,407329,7424.0
4907742,407419,6231.0
4907742,407540,5870.0
4907742,407591,1619.0
4907742,407787,6806.0
4907742,407946,1073.0
4907742,408133,3383.0
4907742,408384,9668.0
4907742,408459,3165.0
4907742,408597,7423.0
4907742,409309,9619.0
4907742,409628,9150.0
4907742,409986,6127.0
4907742,410070,2046.0
4907742,410160,4995.0
4907742,410311,8868.0
4907742,410356,4207.0
4907742,410728,2370.0
4907742,411025,2164.0
4907742,411051,10562.0
4907742,411625,7387.0
4907742,411930,1554.0
4907742,412808,8110.0
4907742,413010,5819.0
4907742,413163,5912.0
4907742,413339,6008.0
4907742,413952,9268.0
4907742,414007,10682.0
4907742,414076,10367.0
4907742,414133,2631.0
4907742,414144,9810.0
4907742,414243,2839.0
4907742,414560,10227.0
4907742,415209,9759.0
4907742,416193,342.0
4907742,416813,3617.0
4907742,417024,588.0
4907742,417068,9207.0
4907742,417695,8981.0
4907742,417980,984.0
4907742,418256,1097.0
4907742,418472,6297.0
4907742,419006,5483.0
4907742,419241,5066.0
4907742,420539,4451.0
4907742,421095,4917.0
4907742,421128,5973.0
4907742,421298,5719.0
4907742,421524,6060.0
4907742,422333,2027.0
4907742,422434,711.0
4907742,422579,9353.0
4907742,424715,10148.0
4907742,424801,6551.0
4907742,425007,9222.0
4907742,425116,743.0
4907742,425995,9566.0
4907742,426931,3852.0
4907742,427714,1321.0
4907742,428024,3338.0
4907742,428062,9463.0
4907742,428633,5657.0
4907742,428905,1479.0
4907742,429030,4772.0
4907742,429185,8888.0
4907742,429453,10313.0
4907742,429454,5556.0
4907742,429474,4277.0
4907742,429601,4651.0
4907742,429627,6737.0
4907742,430157,9594.0
4907742,430445,7069.0
4907742,430922,4014.0
4907742,431315,3293.0
4907742,432137,8683.0
4907742,432268,3581.0
4907742,432278,2159.0
4907742,432341,1513.0
4907742,432381,7023.0
4907742,432976,5157.0
4907742,433379,8156.0
4907742,433444,7147.0
4907742,433571,7161.0
4907742,434036,9166.0
4907742,434119,7712.0
4907742,434187,6566.0
4907742,434210,9930.0
4907742,434345,9192.0
4907742,434887,7723.0
4907742,435065,6816.0
4907742,435147,9623.0
4907742,435586,9753.0
4907742,435668,8415.0
4907742,435866,6879.0
4907742,435876,10334.0
4907742,435949,9781.0
4907742,436078,9855.0
4907742,436119,9002.0
4907742,436144,7582.0
4907742,436296,4843.0
4907742,436311,9979.0
4907742,436321,6564.0
4907742,436342,7962.0
4907742,436351,8826.0
4907742,436587,6128.0
4907742,436590,5184.0
4907742,436663,5033.0
4907742,436900,10374.0
4907742,436990,6668.0
4907742,437004,6814.0
4907742,437021,4198.0
4907742,437126,4559.0
4907742,437281,7308.0
4907742,437286,7522.0
4907742,437336,8535.0
4907742,437398,7802.0
4907742,437439,10373.0
4907742,437587,9394.0
4907742,437650,6811.0
4907742,437785,10523.0
4907742,437809,9821.0
4907742,437856,8891.0
4907742,437878,7815.0
4907742,438038,7366.0
4907742,438244,8735.0
4907742,438546,7298.0
4907742,438584,6950.0
4907742,438592,6252.0
4907742,438675,8972.0
4907742,438696,8071.0
4907742,438708,8503.0
4907742,438909,7870.0
4907742,438982,8133.0
4907742,439083,10022.0
4907742,439106,9288.0
4907742,439120,9659.0
4907742,439271,6788.0
4907742,439448,8520.0
4907742,439480,8700.0
4907742,439533,7422.0
4907742,439556,9032.0
4907742,439652,6341.0
4907742,439657,9234.0
4907742,439664,10135.0
4907742,439865,6371.0
4907742,439967,7116.0
4907742,439985,4784.0
4907742,440081,7820.0
4907742,440129,7473.0
4907742,440135,5355.0
4907742,440278,8831.0
4907742,440280,7992.0
4907742,440302,8373.0
4907742,440353,9648.0
4907742,440487,9350.0
4907742,440513,7798.0
4907742,440529,5072.0
4907742,440540,6804.0
4907742,440613,10351.0
4907742,440676,5865.0
4907742,440729,8758.0
4907742,440762,7524.0
4907742,441118,7374.0
4907742,441287,8078.0
4907742,441297,7271.0
4907742,441302,5456.0
4907742,441308,6668.0
4907742,441518,9801.0
4907742,441539,9448.0
4907742,441617,9479.0
4907742,441707,7450.0
4907742,441716,9948.0
4907742,441908,8737.0
4907742,442125,7765.0
4907742,442159,7631.0
4907742,442293,8370.0
4907742,442343,10151.0
4907742,442654,7142.0
4907742,442766,6882.0
4907742,442773,5118.0
4907742,442774,8019.0
4907742,442796,10537.0
4907742,442840,8174.0
4907742,442905,8847.0
4907742,442921,6647.0
4907742,443050,10323.0
4907742,443472,7075.0
4907742,443657,6874.0
4907742,443986,9235.0
4907742,444058,8903.0
4907742,444085,9839.0
4907742,444095,10099.0
4907742,444216,8108.0
4907742,444260,6426.0
4907742,444467,9605.0
4907742,444500,9380.0
4907742,444588,7127.0
4907742,444718,7752.0
4907742,444844,9631.0
4907742,444945,8069.0
4907742,445069,8912.0
4907742,445448,7943.0
4907742,445471,9579.0
4907742,445511,8506.0
4907742,445654,9300.0
4907742,445703,4836.0
4907742,445823,10168.0
4907742,445854,7597.0
4907742,446185,9568.0
4907742,446259,9830.0
4907742,446278,10025.0
4907742,446306,7816.0
4907742,446397,7774.0
4907742,446654,6801.0
4907742,446770,8388.0
4907742,446802,8062.0
4907742,446839,6155.0
4907742,446849,5312.0
4907742,447032,8728.0
4907742,447046,10111.0
4907742,447123,6139.0
4907742,447208,9093.0
4907742,447276,9162.0
4907742,447370,6921.0
4907742,447424,7847.0
4907742,447456,4282.0
4907742,447506,9241.0
4907742,447847,7480.0
4907742,448317,5443.0
4907742,448393,7046.0
4907742,448623,6637.0
4907742,448716,9126.0
4907742,448784,9654.0
4907742,448989,8161.0
4907742,449125,5205.0
4907742,449263,8522.0
4907742,449334,8545.0
4907742,449366,7724.0
4907742,449419,6751.0
4907742,449487,8300.0
4907742,449505,4852.0
4907742,449526,7143.0
4907742,449761,7301.0
4907742,449831,9153.0
4907742,449876,7610.0
4907742,449981,8097.0
4907742,450018,7214.0
4907742,450074,5822.0
4907742,450145,7896.0
4907742,450149,9804.0
4907742,450335,7521.0
4907742,450360,7968.0
4907742,450413,9089.0
4907742,450419,6391.0
4907742,450598,8310.0
4907742,450608,9360.0
4907742,450706,9745.0
4907742,450726,5138.0
4907742,450741,9250.0
4907742,450758,5017.0
4907742,450765,7070.0
4907742,450805,9404.0
4907742,450806,10226.0
4907742,450813,9857.0
4907742,450906,9973.0
4907742,451140,9328.0
4907742,451239,8467.0
4907742,451333,9754.0
4907742,451339,9598.0
4907742,451416,6670.0
4907742,451426,8496.0
4907742,451452,8309.0
4907742,451541,7538.0
4907742,451600,10035.0
4907742,451615,8476.0
4907742,451659,5055.0
4907742,451711,9653.0
4907742,451798,9884.0
4907742,452018,9631.0
4907742,452103,4317.0
4907742,452362,9941.0
4907742,452444,8047.0
4907742,452454,9675.0
4907742,452625,10107.0
4907742,452689,8090.0
4907742,452949,7629.0
4907742,452962,9344.0
4907742,453176,10304.0
4907742,453257,6882.0
4907742,453518,9960.0
4907742,453531,9805.0
4907742,453539,8213.0
4907742,453763,9378.0
4907742,453882,9954.0
4907742,453899,6604.0
4907742,453935,8961.0
4907742,453939,9487.0
4907742,454179,7984.0
4907742,454198,8174.0
4907742,454230,5339.0
4907742,454359,7000.0
4907742,454400,7605.0
4907742,454493,9180.0
4907742,454504,6789.0
4907742,454616,10557.0
4907742,454649,7835.0
4907742,454683,6773.0
4907742,454781,8095.0
4907742,455109,10159.0
4907742,455680,8283.0
4907742,455794,7841.0
4907742,455842,6590.0
4907742,455995,9154.0
4907742,456005,8270.0
4907742,456064,10385.0
4907742,456095,8773.0
4907742,456487,8039.0
4907742,456562,7883.0
4907742,456850,8933.0
4907742,456906,7175.0
4907742,456948,9753.0
4907742,457214,8102.0
4907742,457413,8052.0
4907742,457662,6680.0
4907742,457684,9532.0
4907742,457722,4332.0
4907742,457848,6567.0
4907742,457919,8981.0
4907742,458088,4532.0
4907742,458126,7336.0
4907742,458305,8505.0
4907742,458348,11314.0
4907742,458378,7234.0
4907742,458651,7292.0
4907742,458681,9540.0
4907742,458696,7518.0
4907742,458727,9113.0
4907742,458852,9596.0
4907742,458903,9968.0
4907742,458949,7498.0
4907742,459027,8027.0
4907742,459178,8065.0
4907742,459219,8551.0
4907742,459276,8042.0
4907742,459311,6803.0
4907742,459383,3515.0
4907742,459558,4813.0
4907742,459617,7229.0
4907742,459715,10075.0
4907742,459788,7010.0
4907742,459875,10322.0
4907742,460021,7121.0
4907742,460032,7325.0
4907742,460080,7154.0
4907742,460141,8479.0
4907742,460160,9065.0
4907742,460185,7502.0
4907742,460548,7457.0
4907742,460601,5261.0
4907742,460690,6813.0
4907742,460804,7764.0
4907742,460812,10178.0
4907742,460993,6448.0
4907742,461222,6556.0
4907742,461253,5342.0
4907742,461367,9240.0
4907742,461406,5162.0
4907742,461543,9310.0
4907742,461552,9878.0
4907742,461563,8699.0
4907742,461567,4669.0
4907742,461655,7711.0
4907742,461741,10329.0
4907742,461857,8333.0
4907742,462024,5320.0
4907742,462142,7199.0
4907742,462143,9177.0
4907742,462163,10989.0
4907742,462203,9806.0
4907742,462519,6199.0
4907742,462556,8718.0
4907742,462737,9545.0
4907742,462756,9668.0
4907742,462811,8508.0
4907742,462853,10077.0
4907742,462868,9858.0
4907742,462966,7707.0
4907742,463191,5749.0
4907742,463371,8309.0
4907742,463374,8428.0
4907742,463386,8078.0
4907742,463462,8282.0
4907742,463553,5687.0
4907742,463639,6414.0
4907742,463730,9882.0
4907742,463772,9069.0
4907742,463788,9199.0
4907742,463822,9561.0
4907742,464275,9219.0
4907742,464278,10196.0
4907742,464305,8467.0
4907742,464339,10130.0
4907742,464361,7192.0
4907742,464399,8590.0
4907742,464451,8994.0
4907742,464626,8659.0
4907742,464701,9524.0
4907742,464804,6193.0
4907742,464979,8586.0
4907742,464988,5457.0
4907742,465028,9064.0
4907742,465034,8160.0
4907742,465135,6757.0
4907742,465190,4532.0
4907742,465423,10339.0
4907742,465451,4676.0
4907742,465475,8638.0
4907742,465512,10544.0
4907742,465517,6116.0
4907742,465546,5787.0
4907742,465638,9141.0
4907742,465715,10318.0
4907742,465988,6449.0
4907742,465994,5745.0
4907742,466012,7936.0
4907742,466069,8207.0
4907742,466120,8622.0
4907742,466362,7884.0
4907742,466373,10364.0
4907742,466443,8820.0
4907742,466567,7897.0
4907742,466610,8322.0
4907742,466650,8041.0
4907742,466762,10028.0
4907742,466779,6876.0
4907742,466831,6586.0
4907742,466835,6501.0
4907742,466935,10215.0
4907742,467039,5941.0
4907742,467050,7703.0
4907742,467053,5813.0
4907742,467301,7254.0
4907742,467346,7659.0
4907742,467482,8288.0
4907742,467491,6059.0
4907742,467700,8492.0
4907742,467898,8989.0
4907742,467916,10214.0
4907742,468049,9302.0
4907742,468143,7299.0
4907742,468437,8264.0
4907742,468444,8407.0
4907742,468493,8899.0
4907742,468502,8415.0
4907742,468670,8529.0
4907742,468689,4521.0
4907742,468813,9405.0
4907742,468830,7228.0
4907742,468863,9776.0
4907742,469002,8353.0
4907742,469057,8598.0
4907742,469069,7231.0
4907742,469179,7111.0
4907742,469210,5313.0
4907742,469272,7885.0
4907742,469465,6708.0
4907742,469560,10217.0
4907742,469625,8428.0
4907742,469736,7844.0
4907742,469737,9389.0
4907742,469758,9209.0
4907742,469828,9220.0
4907742,469839,8315.0
4907742,469952,10303.0
4907742,469978,3065.0
4907742,470042,9048.0
4907742,470047,7448.0
4907742,470070,6791.0
4907742,470257,6020.0
4907742,470281,7519.0
4907742,470284,6286.0
4907742,470449,10172.0
4907742,470501,8280.0
4907742,470539,8369.0
4907742,470640,7362.0
4907742,470810,7991.0
4907742,471248,3351.0
4907742,471527,9534.0
4907742,471534,9402.0
4907742,471581,8638.0
4907742,471592,9010.0
4907742,471606,4330.0
4907742,471710,9515.0
4907742,471744,8661.0
4907742,471821,7383.0
4907742,471919,9060.0
4907742,471953,5243.0
4907742,472211,6627.0
4907742,472306,7149.0
4907742,472590,7993.0
4907742,472696,4339.0
4907742,472707,5081.0
4907742,472735,4764.0
4907742,472746,9143.0
4907742,472793,5521.0
4907742,472934,9229.0
4907742,473115,7641.0
4907742,473133,9221.0
4907742,473168,10098.0
4907742,473281,9590.0
4907742,473324,8255.0
4907742,473350,6423.0
4907742,473400,8726.0
4907742,473517,7555.0
4907742,473608,9409.0
4907742,473642,4565.0
4907742,473709,4446.0
4907742,473727,7777.0
4907742,473910,7037.0
4907742,473937,10145.0
4907742,473968,7516.0
4907742,474034,8226.0
4907742,474055,8665.0
4907742,474381,8125.0
4907742,474643,5444.0
4907742,474702,9536.0
4907742,474749,5766.0
4907742,474768,9495.0
4907742,474958,9288.0
4907742,474975,8060.0
4907742,475019,7742.0
4907742,475085,9276.0
4907742,475087,7475.0
4907742,475093,8401.0
4907742,475094,9937.0
4907742,475179,8223.0
4907742,475186,9591.0
4907742,475376,10066.0
4907742,475407,7364.0
4907742,475449,5881.0
4907742,475499,8586.0
4907742,475602,8643.0
4907742,475632,9171.0
4907742,475760,9853.0
4907742,475990,7919.0
4907742,475991,8844.0
4907742,475998,8565.0
4907742,476050,10034.0
4907742,476205,8316.0
4907742,476272,8580.0
4907742,476327,9387.0
4907742,476331,10172.0
4907742,476513,8430.0
4907742,476533,9112.0
4907742,476556,8187.0
4907742,476813,8068.0
4907742,476851,8446.0
4907742,476888,8639.0
4907742,476891,8269.0
4907742,476971,10240.0
4907742,477206,9005.0
4907742,477394,10705.0
4907742,477559,5194.0
4907742,477752,8616.0
4907742,477830,6472.0
4907742,477937,9785.0
4907742,477947,11217.0
4907742,478017,7545.0
4907742,478114,6877.0
4907742,478150,8254.0
4907742,478255,9237.0
4907742,478307,10008.0
4907742,478338,10593.0
4907742,478703,9233.0
4907742,478776,7673.0
4907742,478874,9312.0
4907742,478911,9339.0
4907742,478920,7229.0
4907742,478949,6512.0
4907742,479296,10441.0
4907742,479305,6675.0
4907742,479337,6335.0
4907742,479458,10952.0
4907742,479489,5551.0
4907742,479652,10301.0
4907742,479680,7661.0
4907742,479696,9978.0
4907742,479699,9605.0
4907742,479851,8278.0
4907742,479894,7321.0
4907742,479946,10061.0
4907742,480044,5978.0
4907742,480066,9725.0
4907742,480311,9534.0
4907742,480520,7044.0
4907742,480562,8676.0
4907742,480670,6630.0
4907742,480853,8034.0
4907742,480869,8058.0
4907742,480986,7617.0
4907742,480993,9587.0
4907742,481000,7970.0
4907742,481017,5355.0
4907742,481226,6820.0
4907742,481285,9688.0
4907742,481507,9870.0
4907742,481560,8707.0
4907742,481688,8061.0
4907742,481722,9926.0
4907742,481748,8139.0
4907742,481921,8162.0
4907742,481988,9980.0
4907742,482173,7259.0
4907742,482214,7236.0
4907742,482308,6658.0
4907742,482396,5127.0
4907742,482416,6666.0
4907742,482460,5384.0
4907742,482486,7517.0
4907742,482653,9422.0
4907742,482672,9668.0
4907742,482730,9114.0
4907742,482836,9435.0
4907742,482894,9127.0
4907742,482913,9490.0
4907742,483095,8240.0
4907742,483173,6962.0
4907742,483260,9330.0
4907742,483341,9140.0
4907742,483352,9337.0
4907742,483479,8892.0
4907742,483551,8195.0
4907742,483589,8196.0
4907742,483590,9336.0
4907742,483729,7373.0
4907742,483749,9093.0
4907742,483778,10286.0
4907742,483797,9794.0
4907742,483957,8739.0
4907742,483999,8648.0
4907742,484057,7268.0
4907742,484247,5661.0
4907742,484377,9393.0
4907742,484579,7000.0
4907742,484589,7603.0
4907742,484591,9563.0
4907742,484611,7777.0
4907742,484612,9890.0
4907742,484772,7938.0
4907742,484911,10428.0
4907742,485236,5349.0
4907742,485691,10353.0
4907742,485754,7200.0
4907742,485778,8706.0
4907742,486062,8785.0
4907742,486300,9523.0
4907742,486331,7536.0
4907742,486404,5632.0
4907742,486525,9817.0
4907742,486667,9271.0
4907742,486753,7818.0
4907742,486994,9528.0
4907742,487096,8627.0
4907742,487137,8088.0
4907742,487292,9898.0
4907742,487780,10378.0
4907742,487839,8433.0
4907742,487958,9523.0
4907742,488071,7203.0
4907742,488333,8442.0
4907742,488404,5226.0
4907742,488632,7114.0
4907742,488638,7994.0
4907742,488792,8422.0
4907742,488824,4671.0
4907742,489033,8996.0
4907742,489139,9095.0
4907742,489253,7908.0
4907742,489279,7007.0
4907742,489371,9893.0
4907742,489376,7395.0
4907742,489566,10248.0
4907742,489663,8946.0
4907742,489846,7431.0
4907742,489897,8774.0
4907742,490018,4845.0
4907742,490246,7867.0
4907742,490266,7646.0
4907742,490309,6350.0
4907742,490453,9069.0
4907742,490544,8238.0
4907742,490638,7174.0
4907742,490719,8336.0
4907742,490782,9095.0
4907742,490803,7782.0
4907742,490875,7409.0
4907742,491149,8362.0
4907742,491156,6739.0
4907742,491334,8189.0
4907742,491373,8215.0
4907742,491412,9863.0
4907742,491458,9187.0
4907742,491582,10367.0
4907742,491659,7528.0
4907742,491675,9467.0
4907742,491831,7865.0
4907742,491884,7965.0
4907742,491889,10517.0
4907742,491944,10233.0
4907742,492177,9461.0
4907742,492225,8660.0
4907742,492280,8834.0
4907742,492287,8233.0
4907742,492296,8942.0
4907742,492354,7546.0
4907742,492396,7617.0
4907742,492799,10226.0
4907742,492900,9019.0
4907742,492937,7075.0
4907742,493168,8115.0
4907742,493240,9221.0
4907742,493568,8412.0
4907742,493616,5339.0
4907742,493701,9353.0
4907742,493778,5896.0
4907742,493939,9958.0
4907742,494028,9150.0
4907742,494070,6666.0
4907742,494317,9091.0
4907742,494495,9881.0
4907742,494561,8066.0
4907742,494589,8864.0
4907742,494609,7375.0
4907742,494666,9757.0
4907742,494668,9852.0
4907742,494694,7673.0
4907742,494962,8720.0
4907742,495043,9672.0
4907742,495166,9018.0
4907742,495181,8589.0
4907742,495198,7572.0
4907742,495218,7481.0
4907742,495223,8202.0
4907742,495235,6735.0
4907742,495411,8530.0
4907742,495476,9403.0
4907742,495665,9350.0
4907742,495762,10544.0
4907742,495934,8270.0
4907742,495980,7843.0
4907742,496006,6446.0
4907742,496041,9393.0
4907742,496176,7540.0
4907742,496546,7431.0
4907742,496737,6936.0
4907742,496910,9794.0
4907742,496963,7391.0
4907742,497221,7646.0
4907742,497243,9595.0
4907742,497258,7441.0
4907742,497293,6119.0
4907742,497299,7412.0
4907742,497328,5273.0
4907742,497342,6607.0
4907742,497389,8941.0
4907742,497462,8308.0
4907742,497495,8117.0
4907742,497695,9259.0
4907742,497712,10188.0
4907742,497715,8541.0
4907742,497847,10286.0
4907742,498003,10215.0
4907742,498005,5042.0
4907742,498091,5420.0
4907742,498097,7732.0
4907742,498263,5181.0
4907742,498478,6726.0
4907742,498840,7625.0
4907742,498920,7862.0
4907742,499068,7002.0
4907742,499080,8218.0
4907742,499190,8324.0
4907742,499308,8894.0
4907742,499642,7078.0
4907742,499855,9257.0
4907742,499860,5452.0
4907742,499871,6508.0
4907742,499969,10322.0
4907742,500055,9858.0
4907742,500716,9683.0
4907742,500797,5126.0
4907742,500809,8456.0
4907742,500844,8565.0
4907742,500891,8301.0
4907742,500939,5359.0
4907742,501149,7619.0
4907742,501172,10637.0
4907742,501252,7866.0
4907742,501327,9129.0
4907742,501355,8340.0
4907742,501748,9976.0
4907742,501758,8037.0
4907742,501967,7939.0
4907742,501990,9222.0
4907742,502305,8763.0
4907742,502404,4330.0
4907742,502433,7115.0
4907742,502776,8165.0
4907742,502833,7716.0
4907742,502890,9292.0
4907742,503137,8882.0
4907742,503206,9499.0
4907742,503346,7189.0
4907742,503417,8902.0
4907742,503440,8102.0
4907742,503538,9718.0
4907742,503581,7253.0
4907742,503586,9698.0
4907742,503652,7419.0
4907742,503833,9379.0
4907742,503890,7882.0
4907742,504119,9385.0
4907742,504365,7450.0
4907742,504580,9640.0
4907742,504721,5559.0
4907742,504754,8316.0
4907742,504877,10410.0
4907742,504978,9353.0
4907742,505188,7501.0
4907742,505211,9179.0
4907742,505223,6862.0
4907742,505230,6065.0
4907742,505712,6208.0
4907742,505895,8525.0
4907742,505924,7775.0
4907742,505967,9196.0
4907742,505973,7605.0
4907742,506155,7904.0
4907742,506170,7035.0
4907742,506428,7146.0
4907742,506460,9531.0
4907742,506496,6325.0
4907742,506680,6981.0
4907742,506689,7555.0
4907742,506711,8140.0
4907742,506753,8898.0
4907742,506803,8088.0
4907742,506815,7334.0
4907742,506959,9846.0
4907742,507290,8195.0
4907742,507329,7783.0
4907742,507340,5221.0
4907742,507383,8635.0
4907742,507393,5239.0
4907742,507479,10469.0
4907742,507525,9918.0
4907742,507566,5017.0
4907742,507692,8132.0
4907742,507768,9970.0
4907742,507885,9692.0
4907742,508032,5112.0
4907742,508166,8498.0
4907742,508225,6442.0
4907742,508259,6881.0
4907742,508272,8111.0
4907742,508364,9780.0
4907742,508452,10195.0
4907742,508628,7882.0
4907742,508659,9642.0
4907742,508739,9372.0
4907742,508870,5141.0
4907742,509191,6069.0
4907742,509599,5603.0
4907742,509722,7771.0
4907742,509733,8067.0
4907742,509782,10326.0
4907742,509783,7957.0
4907742,509785,9499.0
4907742,509922,10074.0
4907742,509938,7267.0
4907742,509952,8966.0
4907742,510163,7899.0
4907742,510172,7153.0
4907742,510275,6424.0
4907742,510318,7404.0
4907742,510369,8441.0
4907742,510375,6939.0
4907742,510527,6779.0
4907742,510553,8639.0
4907742,510787,6113.0
4907742,510794,8769.0
4907742,510889,6825.0
4907742,511006,8885.0
4907742,511010,7273.0
4907742,511166,7781.0
4907742,511504,5657.0
4907742,511511,9673.0
4907742,511521,8936.0
4907742,511551,9577.0
4907742,511564,7810.0
4907742,511609,8400.0
4907742,511757,9803.0
4907742,511864,6844.0
4907742,511925,8605.0
4907742,511936,7823.0
4907742,512168,6757.0
4907742,512190,9486.0
4907742,512606,9269.0
4907742,512618,8101.0
4907742,512645,4262.0
4907742,512748,10258.0
4907742,512842,9896.0
4907742,512864,5453.0
4907742,512891,5252.0
4907742,512972,9732.0
4907742,512978,10319.0
4907742,513302,8842.0
4907742,513357,7356.0
4907742,513748,7457.0
4907742,514043,11094.0
4907742,514103,10147.0
4907742,514189,7501.0
4907742,514383,9570.0
4907742,514796,8736.0
4907742,515059,9070.0
4907742,515060,10401.0
4907742,515226,7388.0
4907742,515264,9121.0
4907742,515369,7721.0
4907742,515570,10581.0
4907742,515706,9777.0
4907742,515787,6990.0
4907742,515810,9866.0
4907742,515846,9270.0
4907742,516002,7616.0
4907742,516019,6280.0
4907742,516166,8999.0
4907742,516167,9867.0
4907742,516242,9867.0
4907742,516302,11151.0
4907742,516330,8994.0
4907742,516385,9939.0
4907742,516465,7004.0
4907742,516551,6226.0
4907742,516626,7685.0
4907742,516632,6883.0
4907742,516746,9347.0
4907742,516804,9814.0
4907742,517003,9900.0
4907742,517009,7772.0
4907742,517050,7359.0
4907742,517511,10125.0
4907742,517645,8433.0
4907742,517657,8907.0
4907742,517684,9164.0
4907742,517788,7681.0
4907742,517844,8970.0
4907742,518164,8372.0
4907742,518273,8254.0
4907742,518308,8107.0
4907742,518314,6619.0
4907742,518406,5306.0
4907742,518468,7926.0
4907742,518536,9692.0
4907742,518727,7015.0
4907742,518746,8013.0
4907742,518762,5449.0
4907742,518797,6542.0
4907742,518811,10299.0
4907742,518835,5810.0
4907742,518895,4967.0
4907742,519043,5081.0
4907742,519230,8122.0
4907742,519783,11290.0
4907742,519835,8892.0
4907742,519888,6254.0
4907742,519922,10767.0
4907742,519972,10026.0
4907742,519987,10494.0
4907742,520016,9945.0
4907742,520142,9364.0
4907742,520145,6662.0
4907742,520151,7895.0
4907742,520286,7106.0
4907742,520300,9928.0
4907742,520353,9457.0
4907742,520378,7516.0
4907742,520436,4525.0
4907742,520497,9464.0
4907742,520718,7194.0
4907742,520819,7053.0
4907742,521083,7843.0
4907742,521144,4883.0
4907742,521273,8244.0
4907742,521392,8850.0
4907742,521496,8977.0
4907742,521518,7821.0
4907742,521552,9976.0
4907742,521790,9073.0
4907742,521897,10264.0
4907742,521972,9725.0
4907742,522019,5544.0
4907742,522028,9856.0
4907742,522123,8675.0
4907742,522188,8762.0
4907742,522229,9222.0
4907742,522257,7080.0
4907742,522291,8077.0
4907742,522434,7908.0
4907742,522479,8429.0
4907742,522638,6601.0
4907742,522825,9372.0
4907742,522967,8860.0
4907742,523016,8447.0
4907742,523119,5863.0
4907742,523151,8075.0
4907742,523215,5172.0
4907742,523259,7110.0
4907742,523356,6943.0
4907742,523448,9248.0
4907742,523487,6471.0
4907742,523670,10299.0
4907742,523839,8123.0
4907742,523847,9448.0
4907742,524040,5370.0
4907742,524108,9777.0
4907742,524137,9048.0
4907742,524278,9454.0
4907742,524350,9381.0
4907742,524474,7202.0
4907742,524637,8140.0
4907742,524745,7277.0
4907742,524799,7622.0
4907742,524842,8359.0
4907742,524848,10931.0
4907742,524869,6503.0
4907742,525092,8888.0
4907742,525116,7151.0
4907742,525274,9907.0
4907742,525481,8797.0
4907742,525491,8326.0
4907742,525637,10461.0
4907742,525648,9917.0
4907742,525725,8619.0
4907742,525771,8218.0
4907742,526068,8992.0
4907742,526105,8376.0
4907742,526118,5050.0
4907742,526263,9937.0
4907742,526284,4737.0
4907742,526516,8654.0
4907742,526810,6482.0
4907742,527010,9892.0
4907742,527092,8364.0
4907742,527111,9416.0
4907742,527280,8534.0
4907742,527643,8209.0
4907742,527663,8304.0
4907742,527677,8268.0
4907742,527764,7976.0
4907742,528051,9546.0
4907742,528141,7099.0
4907742,528191,9112.0
4907742,528199,7392.0
4907742,528214,8579.0
4907742,528460,9050.0
4907742,531162,9633.0
4907742,531764,2476.0
4907742,647340,8430.0
4907742,669605,1622.0
4907742,686175,10267.0
4907742,692303,9188.0
4907742,692973,10346.0
4907742,693020,8667.0
4907742,693079,8618.0
4907742,693130,9681.0
4907742,693164,9604.0
4907742,693198,9745.0
4907742,693285,8914.0
4907742,693378,9761.0
4907742,693425,9751.0
4907742,693506,9681.0
4907742,693539,9738.0
4907742,693636,9500.0
4907742,693674,9423.0
4907742,693717,9619.0
4907742,693745,9654.0
4907742,693855,9410.0
4907742,695329,10141.0
4907742,695479,10453.0
4907742,695947,10309.0
4907742,696078,10762.0
