4907742,112932,1329.0
4907742,113271,1424.0
4907742,110788,5583.0
4907742,112950,284.0
4907742,113240,589.0
4907742,112656,1449.0
4907742,113554,2029.0
4907742,114284,2537.0
4907742,113592,1141.0
4907742,112713,769.0
4907742,112934,474.0
4907742,113457,1004.0
4907742,113356,1079.0
4907742,113213,794.0
4907742,113725,1630.0
4907742,113321,2582.0
4907742,113814,2485.0
4907742,113907,1877.0
4907742,112651,2047.0
4907742,113560,1862.0
4907742,113391,1755.0
4907742,113373,1756.0
4907742,112945,253.0
4907742,112689,812.0
4907742,113072,2053.0
4907742,113154,2033.0
4907742,112937,1156.0
4907742,114192,2555.0
4907742,112939,1433.0
4907742,112185,4208.0
4907742,113440,1220.0
4907742,113202,988.0
4907742,112239,3674.0
4907742,112057,2262.0
4907742,113577,1238.0
4907742,112393,1560.0
4907742,112723,1285.0
4907742,113234,3247.0
4907742,113959,2496.0
4907742,113185,1364.0
4907742,112738,1858.0
4907742,114098,2384.0
4907742,112734,1492.0
4907742,113628,3169.0
4907742,113912,1533.0
4907742,113856,2184.0
4907742,112952,808.0
4907742,114041,2763.0
4907742,113919,1838.0
4907742,113904,1550.0
4907742,112397,1900.0
4907742,112975,2150.0
4907742,112786,3026.0
4907742,111600,5652.0
4907742,112824,2535.0
4907742,111534,4187.0
4907742,113547,2047.0
4907742,113103,2740.0
4907742,113874,3316.0
4907742,113401,3702.0
4907742,114297,2050.0
4907742,114528,3583.0
4907742,114000,2329.0
4907742,114203,2282.0
4907742,114164,3617.0
4907742,113415,2686.0
4907742,114583,2648.0
4907742,114111,2491.0
4907742,112708,647.0
4907742,114812,4040.0
4907742,114403,2282.0
4907742,114518,3822.0
4907742,112875,2534.0
4907742,111159,3558.0
4907742,113619,3508.0
4907742,112345,3308.0
4907742,113889,1619.0
4907742,114394,2246.0
4907742,114514,3321.0
4907742,114415,2216.0
4907742,113539,2968.0
4907742,113379,1175.0
4907742,114115,2030.0
4907742,113566,1586.0
4907742,113875,1940.0
4907742,114530,4458.0
4907742,111621,3020.0
4907742,110340,5274.0
4907742,114543,5198.0
4907742,114147,1909.0
4907742,113261,1022.0
4907742,111665,3078.0
4907742,113639,3168.0
4907742,110355,4988.0
4907742,110823,5460.0
4907742,114607,2595.0
4907742,114092,1783.0
4907742,112019,7353.0
4907742,114417,2655.0
4907742,113237,1040.0
4907742,113650,2094.0
4907742,115328,4726.0
4907742,112140,4394.0
4907742,113951,4007.0
4907742,110794,4150.0
4907742,114225,3888.0
4907742,113083,6461.0
4907742,115680,4947.0
4907742,110798,4086.0
4907742,113368,4378.0
4907742,110864,4980.0
4907742,114436,2637.0
4907742,114321,2187.0
4907742,113935,4533.0
4907742,111644,5061.0
4907742,110821,7215.0
4907742,113615,4294.0
4907742,111156,4685.0
4907742,111299,4233.0
4907742,111974,4569.0
4907742,111973,6116.0
4907742,110686,4761.0
4907742,110801,5943.0
4907742,114384,2275.0
4907742,115625,5799.0
4907742,112197,3597.0
4907742,111494,6202.0
4907742,115338,5335.0
4907742,109766,7146.0
4907742,114608,2595.0
4907742,112201,6032.0
4907742,114161,4589.0
4907742,109893,6175.0
4907742,113421,2910.0
4907742,113632,4404.0
4907742,110356,4740.0
4907742,110316,5923.0
4907742,110362,5358.0
4907742,115514,4791.0
4907742,110410,5277.0
4907742,111520,5661.0
4907742,112808,6277.0
4907742,111832,4974.0
4907742,110819,5236.0
4907742,113998,6353.0
4907742,113736,3183.0
4907742,111814,4698.0
4907742,114549,5206.0
4907742,114552,5934.0
4907742,114235,5505.0
4907742,109689,5483.0
4907742,112579,4210.0
4907742,110560,5665.0
4907742,110351,6145.0
4907742,112407,5134.0
4907742,114360,2261.0
4907742,112128,5005.0
4907742,109680,6692.0
4907742,110163,5409.0
4907742,110450,7129.0
4907742,110422,6816.0
4907742,112910,7369.0
4907742,109917,7448.0
4907742,110822,6773.0
4907742,112533,7411.0
4907742,111526,5695.0
4907742,113258,1212.0
4907742,112321,5956.0
4907742,114797,4073.0
4907742,114095,5165.0
4907742,110841,5055.0
4907742,112911,1683.0
4907742,111163,4392.0
4907742,111284,5421.0
4907742,113749,4887.0
4907742,115325,5217.0
4907742,115327,4383.0
4907742,115624,5254.0
4907742,108935,8488.0
4907742,110401,6787.0
4907742,112647,5260.0
4907742,109725,6486.0
4907742,109216,6385.0
4907742,110743,7462.0
4907742,115797,6433.0
4907742,110793,5315.0
4907742,111536,6111.0
4907742,110852,5156.0
4907742,111189,6560.0
4907742,114584,2369.0
4907742,111701,6931.0
4907742,113974,7795.0
4907742,113740,4291.0
4907742,113994,2476.0
4907742,109698,5300.0
4907742,110804,5274.0
4907742,112547,5941.0
4907742,115744,5111.0
4907742,111048,4946.0
4907742,115082,5040.0
4907742,109995,5652.0
4907742,112617,5363.0
4907742,109654,7181.0
4907742,115590,4937.0
4907742,109717,6172.0
4907742,109681,5907.0
4907742,110064,8097.0
4907742,113818,1794.0
4907742,110268,7857.0
4907742,110368,5898.0
4907742,111136,6772.0
4907742,115807,5250.0
4907742,111289,6335.0
4907742,110215,7977.0
4907742,109263,6288.0
4907742,112830,5410.0
4907742,110923,7456.0
4907742,111290,5754.0
4907742,109714,6197.0
4907742,110024,6505.0
4907742,109328,7421.0
4907742,115635,8003.0
4907742,114574,2416.0
4907742,109701,6025.0
4907742,110735,7526.0
4907742,112458,6203.0
4907742,114059,4628.0
4907742,112518,8913.0
4907742,109493,7061.0
4907742,108633,7008.0
4907742,114558,6194.0
4907742,110382,5962.0
4907742,115577,4993.0
4907742,111256,6962.0
4907742,114455,3039.0
4907742,112994,6544.0
4907742,113163,892.0
4907742,111874,4303.0
4907742,109471,6045.0
4907742,110697,4355.0
4907742,112536,8319.0
4907742,110133,6223.0
4907742,113519,3810.0
4907742,113078,960.0
4907742,115490,5747.0
4907742,111224,7660.0
4907742,110062,8373.0
4907742,109648,8103.0
4907742,110169,6179.0
4907742,115318,7139.0
4907742,110055,7499.0
4907742,109713,6488.0
4907742,115693,7492.0
4907742,113430,8388.0
4907742,109992,5979.0
4907742,109494,6629.0
4907742,116116,5797.0
4907742,111428,6714.0
4907742,109937,8530.0
4907742,109996,5530.0
4907742,111393,6943.0
4907742,112191,8219.0
4907742,111853,6600.0
4907742,113045,124.0
4907742,115706,7308.0
4907742,115782,6550.0
4907742,110394,5149.0
4907742,110030,5690.0
4907742,109241,6759.0
4907742,113212,844.0
4907742,110892,9709.0
4907742,115320,6478.0
4907742,114094,5323.0
4907742,110414,6723.0
4907742,110732,7680.0
4907742,111704,6325.0
4907742,112783,2719.0
4907742,111995,6969.0
4907742,113382,1504.0
4907742,115321,6700.0
4907742,110269,7498.0
4907742,110182,6318.0
4907742,109652,6916.0
4907742,111219,9417.0
4907742,108236,8174.0
4907742,115622,6354.0
4907742,114443,5493.0
4907742,113661,7913.0
4907742,115637,6954.0
4907742,110260,8298.0
4907742,110738,7496.0
4907742,115958,8621.0
4907742,115781,5261.0
4907742,114316,2302.0
4907742,115836,5206.0
4907742,111581,7331.0
4907742,110028,6569.0
4907742,110183,7037.0
4907742,109876,7380.0
4907742,111130,7897.0
4907742,110493,8663.0
4907742,109708,6763.0
4907742,111906,7764.0
4907742,113245,1413.0
4907742,113917,8151.0
4907742,115948,5666.0
4907742,113304,8308.0
4907742,111530,3232.0
4907742,113608,1902.0
4907742,116574,7948.0
4907742,110876,8074.0
4907742,109382,9265.0
4907742,110211,6246.0
4907742,115681,5076.0
4907742,115864,7179.0
4907742,109869,5824.0
4907742,112913,2235.0
4907742,114488,6006.0
4907742,112835,7964.0
4907742,111436,7859.0
4907742,109244,7414.0
4907742,112951,956.0
4907742,114899,6195.0
4907742,113735,8087.0
4907742,110705,4962.0
4907742,113101,3375.0
4907742,113224,559.0
4907742,111331,7793.0
4907742,110797,3950.0
4907742,111390,7371.0
4907742,110466,7732.0
4907742,110476,7973.0
4907742,113383,1077.0
4907742,114142,2291.0
4907742,111720,7541.0
4907742,109282,6555.0
4907742,112193,5427.0
4907742,109661,7668.0
4907742,110487,8285.0
4907742,111405,4328.0
4907742,110791,4503.0
4907742,110301,9330.0
4907742,111102,7995.0
4907742,111702,7115.0
4907742,111577,7677.0
4907742,113520,9167.0
4907742,109723,8706.0
4907742,111938,9078.0
4907742,113796,2342.0
4907742,115911,6044.0
4907742,110931,7361.0
4907742,114489,4044.0
4907742,110503,9585.0
4907742,116889,7642.0
4907742,116470,6832.0
4907742,112722,1605.0
4907742,117016,7728.0
4907742,109280,6569.0
4907742,113721,2800.0
4907742,111351,7647.0
4907742,113012,2474.0
4907742,114800,7057.0
4907742,110882,8368.0
4907742,112220,8110.0
4907742,109159,7474.0
4907742,110145,8131.0
4907742,109257,7390.0
4907742,113293,7914.0
4907742,116876,7646.0
4907742,114610,5805.0
4907742,111659,8586.0
4907742,116709,8175.0
4907742,108740,8114.0
4907742,113235,682.0
4907742,114365,2143.0
4907742,112285,9542.0
4907742,110513,8328.0
4907742,110944,8454.0
4907742,113564,1712.0
4907742,110297,4997.0
4907742,113620,1333.0
4907742,109492,6467.0
4907742,111100,7616.0
4907742,109718,8314.0
4907742,111042,9842.0
4907742,115701,5236.0
4907742,111971,6933.0
4907742,111354,7339.0
4907742,115808,5291.0
4907742,109729,9487.0
4907742,116125,8704.0
4907742,109706,6022.0
4907742,116051,8828.0
4907742,114293,1918.0
4907742,117015,8222.0
4907742,111151,8193.0
4907742,111837,6388.0
4907742,111007,9112.0
4907742,116818,7870.0
4907742,113584,816.0
4907742,108369,8354.0
4907742,112379,8565.0
4907742,111168,6886.0
4907742,113627,1418.0
4907742,113414,2510.0
4907742,108674,9146.0
4907742,109301,6947.0
4907742,111197,5960.0
4907742,109892,8105.0
4907742,112947,256.0
4907742,111481,9170.0
4907742,110429,5610.0
4907742,110148,8175.0
4907742,113563,1333.0
4907742,112265,8116.0
4907742,109716,8625.0
4907742,112125,6806.0
4907742,109238,8708.0
4907742,112922,954.0
4907742,116356,6129.0
4907742,117113,8031.0
4907742,115007,6336.0
4907742,110836,5357.0
4907742,114753,5793.0
4907742,117086,8121.0
4907742,111672,9355.0
4907742,116039,6459.0
4907742,115333,6015.0
4907742,114764,6916.0
4907742,113513,1527.0
4907742,112196,1566.0
4907742,114201,2089.0
4907742,113541,2152.0
4907742,115470,8822.0
4907742,114682,4445.0
4907742,114915,3350.0
4907742,108610,8406.0
4907742,111162,3389.0
4907742,110685,4307.0
4907742,111943,9362.0
4907742,112134,7792.0
4907742,108396,10612.0
4907742,111664,2278.0
4907742,110044,9964.0
4907742,111703,5622.0
4907742,109011,7350.0
4907742,113199,1169.0
4907742,109515,7058.0
4907742,114646,5578.0
4907742,116086,7229.0
4907742,116621,9882.0
4907742,113380,1408.0
4907742,112505,6221.0
4907742,113198,129.0
4907742,113815,1698.0
4907742,109831,10620.0
4907742,114650,7986.0
4907742,109095,10026.0
4907742,110144,7763.0
4907742,110142,10245.0
4907742,109078,9662.0
4907742,109562,9740.0
4907742,115032,6669.0
4907742,113402,9005.0
4907742,109833,10786.0
4907742,115339,6446.0
4907742,112116,5033.0
4907742,115946,7250.0
4907742,108366,9360.0
4907742,109975,9568.0
4907742,113144,10418.0
4907742,113667,1578.0
4907742,109836,10948.0
4907742,117166,9794.0
4907742,114029,2315.0
4907742,114153,3117.0
4907742,113269,942.0
4907742,113528,1834.0
4907742,112282,9007.0
4907742,112784,2709.0
4907742,108746,8579.0
4907742,115903,5585.0
4907742,113441,784.0
4907742,113395,8941.0
4907742,108354,9126.0
4907742,115323,6306.0
4907742,108623,8459.0
4907742,112380,8538.0
4907742,113801,2321.0
4907742,108137,8869.0
4907742,109120,9621.0
4907742,113555,9936.0
4907742,114774,7159.0
4907742,108006,9507.0
4907742,112456,9694.0
4907742,111677,9412.0
4907742,109691,8234.0
4907742,113655,7262.0
4907742,113310,8622.0
4907742,113248,1297.0
4907742,108386,9289.0
4907742,108692,10045.0
4907742,109503,10854.0
4907742,109853,7654.0
4907742,117575,9339.0
4907742,109835,8103.0
4907742,115088,5541.0
4907742,117114,9927.0
4907742,114361,2793.0
4907742,109741,9551.0
4907742,112190,9221.0
4907742,112732,1457.0
4907742,110914,10168.0
4907742,112408,10097.0
4907742,112187,9307.0
4907742,114088,1991.0
4907742,114421,2697.0
4907742,115939,6093.0
4907742,112280,10019.0
4907742,109174,10498.0
4907742,116396,9577.0
4907742,116403,9971.0
4907742,113284,7642.0
4907742,110131,10338.0
4907742,114143,2443.0
4907742,112941,1157.0
4907742,111765,8161.0
4907742,112101,8451.0
4907742,109419,8888.0
4907742,113548,11233.0
4907742,114039,2832.0
4907742,108017,9314.0
4907742,109499,9992.0
4907742,114452,2548.0
4907742,110245,10605.0
4907742,112940,1321.0
4907742,108359,9050.0
4907742,110324,9905.0
4907742,109750,10150.0
4907742,114654,10351.0
4907742,111991,8312.0
4907742,116981,9228.0
4907742,112644,2490.0
4907742,109532,9064.0
4907742,108706,9755.0
4907742,113714,2184.0
4907742,112735,1827.0
4907742,108959,10732.0
4907742,116501,6968.0
4907742,116108,9092.0
4907742,109740,9412.0
4907742,115523,8892.0
4907742,115336,5845.0
4907742,112929,429.0
4907742,112650,2476.0
4907742,109930,8028.0
4907742,112052,8468.0
4907742,116289,9355.0
4907742,112643,2525.0
4907742,112828,478.0
4907742,114090,1946.0
4907742,117186,10178.0
4907742,113435,922.0
4907742,118261,9740.0
4907742,108618,8761.0
4907742,116131,9331.0
4907742,113179,576.0
4907742,117404,9672.0
4907742,109480,8908.0
4907742,110910,9965.0
4907742,109656,7384.0
4907742,116536,10436.0
4907742,116328,6636.0
4907742,113058,885.0
4907742,110742,10467.0
4907742,112340,4803.0
4907742,116225,7230.0
4907742,117045,9943.0
4907742,113028,6639.0
4907742,111719,9412.0
4907742,108364,9134.0
4907742,115970,9238.0
4907742,108159,9046.0
4907742,110015,5070.0
4907742,113542,9557.0
4907742,116293,9101.0
4907742,113208,8003.0
4907742,109056,8068.0
4907742,110907,9838.0
4907742,110322,5633.0
4907742,108158,9646.0
4907742,114156,2361.0
4907742,113887,10881.0
4907742,116026,8542.0
4907742,117046,9853.0
4907742,112288,8458.0
4907742,113568,1117.0
4907742,109870,6630.0
4907742,115918,6516.0
4907742,107999,9239.0
4907742,113219,3165.0
4907742,112667,1037.0
4907742,110114,10646.0
4907742,113675,1023.0
4907742,113580,1147.0
4907742,108380,8808.0
4907742,113664,1352.0
4907742,114407,2223.0
4907742,114460,2288.0
4907742,113314,2453.0
4907742,110887,8595.0
4907742,110335,5444.0
4907742,116126,6774.0
4907742,112666,1228.0
4907742,115900,7694.0
4907742,117485,10499.0
4907742,109288,10093.0
4907742,114495,2384.0
4907742,113900,1240.0
4907742,108008,9866.0
4907742,113895,1331.0
4907742,112006,8859.0
4907742,109531,9207.0
4907742,116258,6255.0
4907742,115945,6939.0
4907742,113574,1390.0
4907742,117669,10252.0
4907742,113377,1317.0
4907742,114643,10273.0
4907742,107997,10211.0
4907742,110656,10213.0
4907742,112895,2571.0
4907742,112657,1478.0
4907742,109304,9652.0
4907742,113010,7653.0
4907742,113871,1600.0
4907742,108627,10668.0
4907742,115901,7849.0
4907742,110651,10205.0
4907742,109069,10008.0
4907742,116325,5957.0
4907742,117564,9835.0
4907742,114026,2547.0
4907742,117595,9986.0
4907742,113923,1693.0
4907742,109883,6004.0
4907742,114856,4492.0
4907742,109145,10213.0
4907742,112655,7710.0
4907742,113861,1702.0
4907742,115494,8291.0
4907742,114083,10391.0
4907742,113538,2875.0
4907742,111311,8577.0
4907742,112278,9679.0
4907742,114930,7949.0
4907742,117578,9812.0
4907742,115324,5690.0
4907742,116324,9361.0
4907742,110787,4817.0
4907742,117402,9675.0
4907742,117468,9782.0
4907742,108940,9265.0
4907742,109451,10073.0
4907742,115850,9669.0
4907742,112402,5069.0
4907742,110459,5124.0
4907742,109450,9378.0
4907742,109743,9761.0
4907742,111114,6060.0
4907742,117403,9909.0
4907742,109850,10934.0
4907742,109351,8721.0
4907742,117617,9759.0
4907742,114272,1759.0
4907742,109891,6112.0
4907742,110502,10392.0
4907742,108124,8791.0
4907742,115799,5486.0
4907742,114787,8524.0
4907742,110650,10646.0
4907742,117762,9564.0
4907742,117028,9491.0
4907742,114107,2294.0
4907742,114131,2015.0
4907742,113160,1682.0
4907742,112967,2028.0
4907742,112519,10018.0
4907742,117755,10295.0
4907742,110886,7447.0
4907742,110272,5850.0
4907742,113952,2315.0
4907742,110963,5128.0
4907742,116365,7372.0
4907742,107600,10122.0
4907742,117393,9589.0
4907742,112926,3440.0
4907742,114280,10352.0
4907742,117912,10490.0
4907742,112135,4001.0
4907742,115971,8375.0
4907742,109697,5440.0
4907742,113137,10345.0
4907742,114311,2517.0
4907742,110684,9429.0
4907742,113128,1921.0
4907742,114349,2447.0
4907742,118559,10116.0
4907742,117727,10484.0
4907742,113679,3139.0
4907742,114483,2485.0
4907742,114416,2293.0
4907742,110059,8911.0
4907742,114835,9353.0
4907742,115062,6905.0
4907742,108552,8787.0
4907742,110950,9661.0
4907742,111996,8374.0
4907742,114498,2370.0
4907742,116091,5393.0
4907742,113526,2765.0
4907742,109487,9884.0
4907742,110906,9439.0
4907742,111442,6070.0
4907742,116898,8657.0
4907742,114594,2883.0
4907742,117484,9759.0
4907742,117481,9572.0
4907742,113658,7500.0
4907742,115315,7538.0
4907742,109150,7507.0
4907742,117746,10283.0
4907742,114224,3619.0
4907742,109754,10165.0
4907742,111541,2590.0
4907742,109122,6320.0
4907742,114532,4872.0
4907742,115627,6579.0
4907742,114656,2767.0
4907742,114834,10481.0
4907742,116618,7449.0
4907742,110393,5092.0
4907742,114040,3002.0
4907742,117297,9607.0
4907742,109563,9825.0
4907742,114005,2581.0
4907742,112871,2798.0
4907742,117621,10028.0
4907742,109246,6769.0
4907742,110448,6888.0
4907742,112831,5448.0
4907742,117556,10012.0
4907742,110424,7147.0
4907742,111986,8707.0
4907742,115341,9487.0
4907742,112003,8649.0
4907742,116635,11095.0
4907742,116546,7113.0
4907742,113266,7235.0
4907742,117165,8590.0
4907742,107680,9363.0
4907742,114667,4177.0
4907742,112132,4194.0
4907742,115313,9069.0
4907742,113227,6214.0
4907742,114057,4307.0
4907742,109081,8102.0
4907742,115858,11130.0
4907742,116407,6313.0
4907742,110006,8171.0
4907742,110395,7808.0
4907742,114837,9291.0
4907742,111288,5279.0
4907742,116270,6302.0
4907742,111528,3342.0
4907742,109052,7974.0
4907742,112087,9589.0
4907742,110745,5320.0
4907742,110295,6525.0
4907742,116549,9536.0
4907742,113962,6884.0
4907742,115016,9196.0
4907742,109508,9851.0
4907742,111873,4385.0
4907742,114519,3265.0
4907742,111537,5962.0
4907742,114507,3401.0
4907742,115312,9007.0
4907742,112256,8050.0
4907742,111817,5801.0
4907742,111966,4409.0
4907742,109357,8493.0
4907742,110405,7183.0
4907742,109509,7405.0
4907742,108010,9655.0
4907742,110676,4525.0
4907742,116747,7848.0
4907742,109276,5931.0
4907742,112143,9558.0
4907742,110807,5473.0
4907742,112972,9262.0
4907742,109998,6259.0
4907742,109889,5818.0
4907742,113737,5881.0
4907742,108000,9018.0
4907742,111847,9646.0
4907742,108009,9706.0
4907742,111019,5746.0
4907742,115017,8913.0
4907742,117192,9198.0
4907742,111794,7669.0
4907742,109667,8530.0
4907742,110390,6863.0
4907742,115671,5032.0
4907742,117639,9520.0
4907742,110840,5297.0
4907742,112529,9350.0
4907742,110680,4695.0
4907742,111504,4994.0
4907742,115510,5761.0
4907742,112659,5360.0
4907742,110871,5267.0
4907742,109278,6093.0
4907742,109039,6603.0
4907742,117194,7981.0
4907742,110918,7161.0
4907742,112792,5097.0
4907742,112378,8676.0
4907742,115615,6520.0
4907742,110152,10206.0
4907742,111831,5655.0
4907742,112834,5881.0
4907742,110818,5176.0
4907742,117732,10281.0
4907742,109214,7505.0
4907742,114526,4485.0
4907742,115340,8783.0
4907742,110173,6029.0
4907742,111134,5577.0
4907742,115629,6702.0
4907742,108012,9192.0
4907742,116006,9000.0
4907742,109651,10021.0
4907742,115779,5444.0
4907742,112283,8725.0
4907742,111123,6446.0
4907742,109687,6660.0
4907742,110189,8140.0
4907742,110334,10337.0
4907742,110505,4867.0
4907742,108883,8489.0
4907742,109040,7554.0
4907742,116436,11371.0
4907742,108777,10394.0
4907742,109712,6414.0
4907742,112184,4305.0
4907742,110412,6737.0
4907742,110313,4827.0
4907742,111848,9544.0
4907742,114517,4003.0
4907742,109606,8108.0
4907742,118181,10861.0
4907742,110359,4633.0
4907742,116706,8048.0
4907742,109636,7541.0
4907742,109050,6952.0
4907742,110930,7600.0
4907742,111096,8357.0
4907742,114827,9248.0
4907742,111395,6188.0
4907742,111503,5229.0
4907742,110789,4568.0
4907742,109653,6619.0
4907742,110800,5470.0
4907742,110337,5035.0
4907742,110383,5770.0
4907742,116014,6486.0
4907742,107755,9814.0
4907742,110683,4968.0
4907742,117112,7766.0
4907742,109277,6323.0
4907742,112534,8411.0
4907742,108624,7860.0
4907742,112287,8753.0
4907742,110515,7716.0
4907742,111149,8093.0
4907742,115822,5337.0
4907742,109337,7979.0
4907742,112020,9225.0
4907742,111278,5750.0
4907742,116702,11269.0
4907742,111980,4999.0
4907742,113423,8220.0
4907742,109475,7118.0
4907742,110291,5276.0
4907742,115330,4702.0
4907742,111407,5093.0
4907742,115314,8173.0
4907742,112133,4383.0
4907742,110458,6968.0
4907742,111580,6684.0
4907742,112974,6996.0
4907742,111146,4840.0
4907742,108178,9481.0
4907742,116703,11560.0
4907742,111622,8551.0
4907742,116124,6701.0
4907742,109261,6560.0
4907742,116507,6859.0
4907742,111576,6687.0
4907742,109694,6535.0
4907742,114171,7064.0
4907742,109699,6062.0
4907742,116708,7886.0
4907742,116899,11159.0
4907742,111118,6653.0
4907742,113692,7482.0
4907742,111507,5480.0
4907742,117456,9820.0
4907742,109262,7427.0
4907742,107759,9811.0
4907742,117007,8654.0
4907742,109342,8946.0
4907742,118650,10801.0
4907742,112237,4121.0
4907742,115678,5142.0
4907742,113934,4411.0
4907742,111535,5441.0
4907742,117744,9972.0
4907742,109205,7296.0
4907742,117282,9480.0
4907742,114961,6021.0
4907742,111805,4809.0
4907742,110884,8924.0
4907742,110381,5992.0
4907742,116164,6969.0
4907742,117257,10434.0
4907742,110799,8629.0
4907742,115675,4389.0
4907742,110926,6922.0
4907742,110638,5441.0
4907742,117202,9705.0
4907742,110378,6446.0
4907742,110862,7701.0
4907742,110833,6812.0
4907742,111620,8173.0
4907742,116869,7394.0
4907742,109864,6424.0
4907742,116969,8671.0
4907742,109726,5483.0
4907742,116385,9220.0
4907742,115723,8903.0
4907742,110790,4225.0
4907742,113654,7322.0
4907742,110752,10067.0
4907742,109365,8558.0
4907742,109630,8478.0
4907742,110357,6104.0
4907742,110561,5600.0
4907742,111962,6501.0
4907742,113242,7008.0
4907742,111337,7738.0
4907742,111135,6887.0
4907742,112005,6697.0
4907742,110425,6450.0
4907742,110246,8206.0
4907742,110065,8923.0
4907742,110897,9415.0
4907742,117626,8807.0
4907742,112049,6613.0
4907742,113148,6789.0
4907742,115639,7156.0
4907742,110604,5605.0
4907742,110570,5643.0
4907742,110736,7586.0
4907742,111274,6281.0
4907742,112383,9973.0
4907742,112259,9007.0
4907742,113281,7496.0
4907742,109217,6172.0
4907742,117177,10255.0
4907742,113076,6695.0
4907742,110468,8452.0
4907742,111741,7612.0
4907742,109696,8984.0
4907742,112279,9817.0
4907742,109695,6351.0
4907742,110423,6822.0
4907742,115642,5132.0
4907742,110470,7766.0
4907742,110556,6453.0
4907742,117083,8021.0
4907742,113081,6603.0
4907742,110063,7648.0
4907742,112451,8803.0
4907742,113112,6671.0
4907742,112528,9688.0
4907742,111427,6695.0
4907742,111579,7520.0
4907742,116257,5971.0
4907742,116371,7257.0
4907742,113424,7906.0
4907742,115840,6165.0
4907742,111424,7917.0
4907742,110267,7480.0
4907742,112289,8350.0
4907742,108921,9120.0
4907742,110654,8094.0
4907742,115508,8281.0
4907742,113552,11169.0
4907742,109208,6759.0
4907742,110417,6688.0
4907742,111308,8909.0
4907742,110387,6807.0
4907742,112286,9329.0
4907742,116290,5453.0
4907742,111846,8800.0
4907742,112002,8799.0
4907742,111300,5953.0
4907742,115951,6359.0
4907742,107679,9423.0
4907742,115977,7752.0
4907742,110737,7406.0
4907742,115011,6498.0
4907742,110421,7373.0
4907742,109668,8314.0
4907742,109248,7507.0
4907742,110170,8036.0
4907742,108358,8834.0
4907742,112445,7966.0
4907742,116485,6297.0
4907742,108634,6993.0
4907742,111132,6943.0
4907742,112059,9325.0
4907742,111145,8207.0
4907742,108379,8167.0
4907742,115687,7173.0
4907742,108737,8576.0
4907742,110812,6321.0
4907742,112532,7994.0
4907742,109585,9286.0
4907742,109707,9546.0
4907742,111422,8580.0
4907742,109239,7277.0
4907742,110508,8226.0
4907742,117167,9447.0
4907742,110494,7748.0
4907742,110474,8404.0
4907742,110939,8618.0
4907742,116982,7796.0
4907742,111281,6530.0
4907742,110875,8377.0
4907742,110731,7423.0
4907742,110305,6807.0
4907742,108157,9089.0
4907742,117200,8197.0
4907742,110867,7895.0
4907742,115540,8849.0
4907742,112522,8548.0
4907742,110420,9385.0
4907742,115311,9059.0
4907742,111570,7153.0
4907742,112521,9181.0
4907742,114829,9160.0
4907742,110213,8147.0
4907742,109049,7294.0
4907742,117072,8022.0
4907742,109649,8114.0
4907742,111051,9959.0
4907742,108734,8336.0
4907742,111251,7493.0
4907742,108405,9505.0
4907742,115093,6800.0
4907742,111945,9139.0
4907742,109830,10936.0
4907742,113422,7858.0
4907742,114457,10270.0
4907742,116970,8769.0
4907742,117287,9748.0
4907742,113295,7728.0
4907742,111578,7692.0
4907742,110922,7566.0
4907742,110899,9875.0
4907742,113299,10201.0
4907742,115857,10522.0
4907742,107998,9758.0
4907742,116975,8063.0
4907742,109185,6889.0
4907742,113417,9195.0
4907742,111307,8967.0
4907742,117442,8173.0
4907742,117454,10267.0
4907742,109663,5819.0
4907742,117642,8680.0
4907742,111355,7570.0
4907742,110033,9810.0
4907742,111092,9196.0
4907742,108555,8258.0
4907742,111399,7969.0
4907742,109634,7598.0
4907742,110116,7018.0
4907742,113886,10731.0
4907742,116875,7679.0
4907742,109453,9055.0
4907742,110282,9498.0
4907742,110489,8164.0
4907742,110762,9717.0
4907742,116897,7664.0
4907742,108151,9363.0
4907742,111612,7983.0
4907742,108249,9431.0
4907742,110354,10836.0
4907742,110146,9945.0
4907742,111584,7494.0
4907742,111573,7744.0
4907742,111624,8674.0
4907742,111217,10202.0
4907742,111338,8037.0
4907742,110120,8211.0
4907742,112012,7323.0
4907742,111791,7758.0
4907742,110981,8559.0
4907742,112262,8327.0
4907742,108556,8076.0
4907742,109477,8732.0
4907742,109245,7279.0
4907742,109243,6930.0
4907742,110721,7400.0
4907742,112475,10317.0
4907742,111346,7187.0
4907742,113879,10767.0
4907742,113499,8430.0
4907742,112126,8206.0
4907742,117144,7612.0
4907742,109733,10430.0
4907742,111810,7905.0
4907742,111836,8060.0
4907742,109744,9650.0
4907742,111220,6975.0
4907742,118092,10715.0
4907742,111851,7504.0
4907742,116409,9960.0
4907742,112217,7829.0
4907742,110330,10952.0
4907742,110911,9764.0
4907742,111792,7582.0
4907742,109237,7110.0
4907742,113292,7578.0
4907742,110904,9208.0
4907742,110873,8081.0
4907742,115736,7360.0
4907742,109724,8750.0
4907742,110237,8262.0
4907742,113436,8148.0
4907742,110720,7840.0
4907742,108686,10162.0
4907742,109048,7295.0
4907742,108368,8614.0
4907742,116103,9000.0
4907742,112189,9328.0
4907742,115575,9152.0
4907742,111627,8494.0
4907742,116295,8993.0
4907742,111362,7319.0
4907742,110447,7715.0
4907742,109985,8780.0
4907742,109705,9007.0
4907742,110734,8128.0
4907742,113150,9997.0
4907742,117577,10002.0
4907742,113550,10865.0
4907742,117618,9399.0
4907742,111857,7360.0
4907742,108361,9296.0
4907742,108664,8621.0
4907742,110942,8171.0
4907742,112665,9200.0
4907742,112186,7732.0
4907742,116332,9372.0
4907742,109846,11070.0
4907742,110628,10414.0
4907742,110510,8446.0
4907742,109748,9562.0
4907742,108672,9081.0
4907742,111544,8214.0
4907742,111006,8504.0
4907742,110164,10763.0
4907742,109840,10974.0
4907742,110713,9839.0
4907742,110465,8120.0
4907742,110103,10209.0
4907742,115506,8587.0
4907742,110017,10804.0
4907742,116537,9541.0
4907742,118061,9476.0
4907742,109925,8763.0
4907742,111263,8080.0
4907742,109500,10843.0
4907742,117480,9674.0
4907742,108443,9024.0
4907742,118536,10259.0
4907742,111670,8782.0
4907742,112127,9438.0
4907742,111421,9572.0
4907742,113537,9303.0
4907742,116404,9667.0
4907742,112523,8440.0
4907742,117900,10598.0
4907742,117195,9147.0
4907742,108322,9867.0
4907742,111982,8137.0
4907742,111750,8070.0
4907742,110888,8500.0
4907742,108020,11085.0
4907742,110002,8803.0
4907742,116294,9144.0
4907742,108622,8596.0
4907742,111715,8167.0
4907742,115530,9107.0
4907742,117718,9987.0
4907742,109104,9738.0
4907742,117381,10429.0
4907742,113543,9919.0
4907742,108469,8380.0
4907742,108918,9338.0
4907742,111989,8573.0
4907742,108367,9248.0
4907742,108460,9062.0
4907742,111686,9407.0
4907742,111216,10433.0
4907742,108146,9394.0
4907742,117696,9713.0
4907742,108007,9695.0
4907742,108011,9322.0
4907742,116842,10097.0
4907742,117338,9621.0
4907742,116130,8937.0
4907742,115344,11478.0
4907742,117978,9370.0
4907742,116666,10478.0
4907742,116388,9832.0
4907742,110730,9869.0
4907742,116380,9220.0
4907742,113598,9677.0
4907742,108461,8947.0
4907742,110692,10190.0
4907742,108688,9987.0
4907742,115524,8608.0
4907742,108698,9863.0
4907742,116382,9452.0
4907742,110141,10448.0
4907742,110627,10364.0
4907742,108350,9167.0
4907742,108957,10176.0
4907742,112989,9797.0
4907742,112981,9650.0
4907742,110900,9614.0
4907742,114826,10350.0
4907742,118030,9623.0
4907742,108014,9049.0
4907742,118202,10684.0
4907742,109287,10482.0
4907742,118032,9726.0
4907742,113751,10942.0
4907742,109825,10826.0
4907742,107824,9873.0
4907742,108001,9019.0
4907742,108004,9839.0
4907742,108013,9330.0
4907742,108016,9299.0
4907742,108019,11879.0
4907742,108136,8622.0
4907742,108220,8829.0
4907742,108373,9667.0
4907742,108400,9213.0
4907742,108436,9129.0
4907742,108457,8707.0
4907742,108508,8829.0
4907742,108553,8692.0
4907742,108568,7910.0
4907742,108574,8302.0
4907742,108586,8485.0
4907742,108607,8447.0
4907742,108616,8691.0
4907742,108625,8522.0
4907742,108631,11132.0
4907742,108673,8402.0
4907742,108685,9220.0
4907742,108694,9081.0
4907742,108697,9906.0
4907742,108700,9655.0
4907742,108733,8207.0
4907742,108736,8117.0
4907742,108739,8095.0
4907742,108748,8532.0
4907742,108754,10705.0
4907742,108757,9839.0
4907742,108799,7461.0
4907742,108805,8001.0
4907742,108811,7841.0
4907742,108814,8192.0
4907742,108847,10405.0
4907742,108853,7270.0
4907742,108874,8796.0
4907742,108910,7746.0
4907742,108916,8782.0
4907742,108919,7518.0
4907742,108922,7679.0
4907742,108931,8577.0
4907742,108934,8592.0
4907742,108949,8828.0
4907742,108994,7428.0
4907742,108997,7718.0
4907742,109000,7574.0
4907742,109024,6526.0
4907742,109042,7557.0
4907742,109045,7576.0
4907742,109051,7730.0
4907742,109054,7918.0
4907742,109090,8405.0
4907742,109108,9396.0
4907742,109126,7668.0
4907742,109198,7033.0
4907742,109204,6607.0
4907742,109207,7133.0
4907742,109231,6717.0
4907742,109240,7137.0
4907742,109252,6713.0
4907742,109255,6388.0
4907742,109264,6237.0
4907742,109312,7339.0
4907742,109330,7806.0
4907742,109336,8226.0
4907742,109360,8119.0
4907742,109363,7751.0
4907742,109384,9414.0
4907742,109510,7313.0
4907742,109516,6908.0
4907742,109519,6970.0
4907742,109528,7217.0
4907742,109534,7276.0
4907742,109573,6212.0
4907742,109639,6894.0
4907742,109645,6466.0
4907742,109657,7441.0
4907742,109660,7333.0
4907742,109672,6058.0
4907742,109684,6858.0
4907742,109702,6735.0
4907742,109747,9658.0
4907742,109759,5952.0
4907742,109795,7163.0
4907742,109837,10931.0
4907742,109852,7437.0
4907742,109885,6224.0
4907742,109888,6089.0
4907742,109936,8314.0
4907742,109957,9372.0
4907742,109969,9378.0
4907742,109984,8944.0
4907742,109993,9053.0
4907742,109999,8838.0
4907742,110050,8760.0
4907742,110104,10341.0
4907742,110257,8901.0
4907742,110263,7868.0
4907742,110275,9365.0
4907742,110281,9444.0
4907742,110284,5097.0
4907742,110296,9366.0
4907742,110302,9443.0
4907742,110308,9038.0
4907742,110317,4869.0
4907742,110326,9573.0
4907742,110332,10353.0
4907742,110374,10055.0
4907742,110380,4887.0
4907742,110389,6918.0
4907742,110398,7011.0
4907742,110416,6703.0
4907742,110479,8534.0
4907742,110506,5732.0
4907742,110509,8321.0
4907742,110533,7112.0
4907742,110539,5850.0
4907742,110554,6014.0
4907742,110578,5626.0
4907742,110653,5562.0
4907742,110707,8920.0
4907742,110719,7739.0
4907742,110722,7880.0
4907742,110749,9772.0
4907742,110806,4782.0
4907742,110809,6280.0
4907742,110815,6398.0
4907742,110857,5284.0
4907742,110878,7519.0
4907742,110881,8607.0
4907742,110920,7126.0
4907742,110929,7210.0
4907742,110977,10317.0
4907742,111052,4971.0
4907742,111094,5892.0
4907742,111106,5010.0
4907742,111121,6287.0
4907742,111124,8005.0
4907742,111127,8264.0
4907742,111133,3809.0
4907742,111142,8176.0
4907742,111148,4979.0
4907742,111160,8377.0
4907742,111166,4786.0
4907742,111238,6102.0
4907742,111244,8141.0
4907742,111277,5456.0
4907742,111280,6433.0
4907742,111283,5800.0
4907742,111292,6116.0
4907742,111295,6027.0
4907742,111301,8824.0
4907742,111316,6338.0
4907742,111322,4399.0
4907742,111325,3650.0
4907742,111334,6540.0
4907742,111340,8212.0
4907742,111352,7871.0
4907742,111373,7945.0
4907742,111382,4280.0
4907742,111391,7865.0
4907742,111406,6479.0
4907742,111409,12039.0
4907742,111415,6827.0
4907742,111418,9786.0
4907742,111433,4408.0
4907742,111454,4128.0
4907742,111457,6393.0
4907742,111463,6636.0
4907742,111505,5096.0
4907742,111523,5928.0
4907742,111529,4854.0
4907742,111532,9632.0
4907742,111538,6078.0
4907742,111547,4339.0
4907742,111553,7687.0
4907742,111565,6862.0
4907742,111568,7380.0
4907742,111571,7306.0
4907742,111589,7314.0
4907742,111595,4043.0
4907742,111607,3856.0
4907742,111610,3538.0
4907742,111613,4122.0
4907742,111616,3499.0
4907742,111646,3187.0
4907742,111724,4429.0
4907742,111736,7603.0
4907742,111742,8130.0
4907742,111781,7037.0
4907742,111790,7654.0
4907742,111820,6252.0
4907742,111841,8449.0
4907742,111844,10226.0
4907742,111877,7800.0
4907742,111886,6358.0
4907742,111931,9389.0
4907742,111970,4721.0
4907742,111979,5029.0
4907742,111988,8588.0
4907742,112009,7149.0
4907742,112024,8666.0
4907742,112075,7950.0
4907742,112099,8472.0
4907742,112162,4906.0
4907742,112165,4731.0
4907742,112171,4523.0
4907742,112174,4496.0
4907742,112180,4272.0
4907742,112204,6836.0
4907742,112240,7956.0
4907742,112255,7884.0
4907742,112258,9436.0
4907742,112261,8594.0
4907742,112315,4620.0
4907742,112339,4760.0
4907742,112342,1855.0
4907742,112399,4831.0
4907742,112450,8247.0
4907742,112471,7457.0
4907742,112495,4577.0
4907742,112501,4483.0
4907742,112525,8217.0
4907742,112540,4531.0
4907742,112570,4151.0
4907742,112645,2367.0
4907742,112648,2320.0
4907742,112687,1108.0
4907742,112717,1232.0
4907742,112720,1551.0
4907742,112795,3655.0
4907742,112816,1129.0
4907742,112843,950.0
4907742,112858,7341.0
4907742,112870,7401.0
4907742,112873,2716.0
4907742,112906,2128.0
4907742,112909,2465.0
4907742,112921,1378.0
4907742,112924,643.0
4907742,112927,1152.0
4907742,112930,366.0
4907742,112933,884.0
4907742,112957,610.0
4907742,113008,996.0
4907742,113047,2931.0
4907742,113053,2837.0
4907742,113062,1881.0
4907742,113077,7687.0
4907742,113086,4652.0
4907742,113092,2768.0
4907742,113095,2545.0
4907742,113104,2589.0
4907742,113110,2501.0
4907742,113122,2741.0
4907742,113140,1567.0
4907742,113149,2213.0
4907742,113194,402.0
4907742,113197,4316.0
4907742,113215,219.0
4907742,113236,633.0
4907742,113239,417.0
4907742,113311,8303.0
4907742,113320,3824.0
4907742,113374,5739.0
4907742,113386,1377.0
4907742,113392,8791.0
4907742,113419,1512.0
4907742,113437,924.0
4907742,113467,9957.0
4907742,113491,8247.0
4907742,113518,2651.0
4907742,113527,1712.0
4907742,113533,2962.0
4907742,113551,9866.0
4907742,113569,1146.0
4907742,113572,1017.0
4907742,113578,870.0
4907742,113599,804.0
4907742,113626,8795.0
4907742,113635,9137.0
4907742,113638,9348.0
4907742,113644,1890.0
4907742,113647,3132.0
4907742,113671,1510.0
4907742,113674,1540.0
4907742,113683,3122.0
4907742,113731,2815.0
4907742,113734,1690.0
4907742,113788,2109.0
4907742,113806,1635.0
4907742,113854,1924.0
4907742,113872,1599.0
4907742,113878,10873.0
4907742,113884,2282.0
4907742,113890,1792.0
4907742,113893,10492.0
4907742,113896,1240.0
4907742,113899,1555.0
4907742,113902,1780.0
4907742,113905,1155.0
4907742,113908,8329.0
4907742,113914,1524.0
4907742,113971,2447.0
4907742,114037,2715.0
4907742,114064,2615.0
4907742,114070,1594.0
4907742,114097,10123.0
4907742,114106,2035.0
4907742,114121,2721.0
4907742,114163,3100.0
4907742,114190,2813.0
4907742,114211,2524.0
4907742,114217,2263.0
4907742,114244,2112.0
4907742,114256,2361.0
4907742,114292,2670.0
4907742,114310,1963.0
4907742,114343,9936.0
4907742,114352,2902.0
4907742,114358,2527.0
4907742,114412,2452.0
4907742,114424,2903.0
4907742,114433,2583.0
4907742,114451,2357.0
4907742,114469,2342.0
4907742,114478,2744.0
4907742,114487,2332.0
4907742,114496,2360.0
4907742,114499,2920.0
4907742,114505,2685.0
4907742,114529,4666.0
4907742,114538,5077.0
4907742,114553,5043.0
4907742,114562,2619.0
4907742,114595,2682.0
4907742,114664,4036.0
4907742,114670,2732.0
4907742,114697,4260.0
4907742,114736,3921.0
4907742,115006,6278.0
4907742,115063,4413.0
4907742,115342,9787.0
4907742,115486,5008.0
4907742,115507,8476.0
4907742,115549,8967.0
4907742,115567,10021.0
4907742,115618,6258.0
4907742,115621,6449.0
4907742,115672,4817.0
4907742,115726,8812.0
4907742,115783,9334.0
4907742,115789,9475.0
4907742,115798,5284.0
4907742,115801,5680.0
4907742,115846,8019.0
4907742,115849,10463.0
4907742,115894,5411.0
4907742,115909,6575.0
4907742,115957,9192.0
4907742,115975,8274.0
4907742,115996,6392.0
4907742,116020,8295.0
4907742,116035,5613.0
4907742,116101,8608.0
4907742,116107,8749.0
4907742,116113,6572.0
4907742,116128,8871.0
4907742,116140,9290.0
4907742,116155,5760.0
4907742,116221,8358.0
4907742,116224,9038.0
4907742,116329,6956.0
4907742,116383,9317.0
4907742,116389,9613.0
4907742,116392,6195.0
4907742,116410,9997.0
4907742,116458,6903.0
4907742,116500,6534.0
4907742,116539,9386.0
4907742,116743,7699.0
4907742,116851,10008.0
4907742,116977,7943.0
4907742,117061,8081.0
4907742,117133,9488.0
4907742,117157,9130.0
4907742,117175,10351.0
4907742,117205,8282.0
4907742,117208,8324.0
4907742,117271,8157.0
4907742,117280,7731.0
4907742,117283,7735.0
4907742,117391,9700.0
4907742,117604,9792.0
4907742,117610,9315.0
4907742,117712,10240.0
4907742,117736,9861.0
4907742,117739,9951.0
4907742,117850,8853.0
4907742,117880,8890.0
4907742,118045,9287.0
4907742,118123,10628.0
4907742,118282,10439.0
4907742,118363,10202.0
4907742,118681,10336.0
4907742,107753,9821.0
4907742,107795,9799.0
4907742,107825,9480.0
4907742,107831,9255.0
4907742,108002,9028.0
4907742,108005,9310.0
4907742,108122,8970.0
4907742,108131,8861.0
4907742,108173,9295.0
4907742,108428,8529.0
4907742,108431,9758.0
4907742,108437,9049.0
4907742,108458,8697.0
4907742,108515,8926.0
4907742,108539,8882.0
4907742,108569,8050.0
4907742,108575,7846.0
4907742,108581,8447.0
4907742,108596,7594.0
4907742,108608,8283.0
4907742,108617,8895.0
4907742,108626,8511.0
4907742,108635,8511.0
4907742,108695,8954.0
4907742,108701,9775.0
4907742,108716,7768.0
4907742,108725,7653.0
4907742,108728,8471.0
4907742,108758,9906.0
4907742,108776,10631.0
4907742,108806,7975.0
4907742,108809,8309.0
4907742,108812,7863.0
4907742,108818,7230.0
4907742,108842,7901.0
4907742,108848,10084.0
4907742,108857,8896.0
4907742,108908,7785.0
4907742,108920,8874.0
4907742,108923,7677.0
4907742,108926,7881.0
4907742,108932,8710.0
4907742,108941,7586.0
4907742,108947,7940.0
4907742,108971,8000.0
4907742,108992,8040.0
4907742,108998,7978.0
4907742,109043,7685.0
4907742,109064,7024.0
4907742,109070,6882.0
4907742,109082,7884.0
4907742,109139,9283.0
4907742,109202,7125.0
4907742,109265,6239.0
4907742,109271,6258.0
4907742,109292,8967.0
4907742,109307,7697.0
4907742,109325,7697.0
4907742,109334,8178.0
4907742,109343,8322.0
4907742,109361,8066.0
4907742,109376,8624.0
4907742,109379,9592.0
4907742,109397,7865.0
4907742,109472,6191.0
4907742,109478,8621.0
4907742,109535,7255.0
4907742,109541,7349.0
4907742,109571,8212.0
4907742,109586,9153.0
4907742,109637,7642.0
4907742,109640,6635.0
4907742,109700,10105.0
4907742,109709,6205.0
4907742,109742,9653.0
4907742,109760,9508.0
4907742,109769,9510.0
4907742,109844,7755.0
4907742,109871,8032.0
4907742,109874,8277.0
4907742,109970,9487.0
4907742,109991,9014.0
4907742,109994,9085.0
4907742,110045,9770.0
4907742,110051,8745.0
4907742,110057,8741.0
4907742,110060,8720.0
4907742,110102,5678.0
4907742,110117,9829.0
4907742,110153,8571.0
4907742,110276,9424.0
4907742,110279,9308.0
4907742,110300,9411.0
4907742,110303,8980.0
4907742,110309,8953.0
4907742,110321,5426.0
4907742,110336,4844.0
4907742,110339,9631.0
4907742,110345,10757.0
4907742,110363,5242.0
4907742,110369,10055.0
4907742,110435,6920.0
4907742,110498,8994.0
4907742,110537,5823.0
4907742,110618,7536.0
4907742,110675,4431.0
4907742,110681,4774.0
4907742,110714,5527.0
4907742,110726,7472.0
4907742,110750,9731.0
4907742,110756,11164.0
4907742,110759,9675.0
4907742,110810,6286.0
4907742,110861,7585.0
4907742,110891,8533.0
4907742,110915,7474.0
4907742,110972,7584.0
4907742,111005,8778.0
4907742,111083,7238.0
4907742,111113,5039.0
4907742,111116,6431.0
4907742,111128,7806.0
4907742,111131,6753.0
4907742,111143,8233.0
4907742,111152,5056.0
4907742,111155,4932.0
4907742,111158,7032.0
4907742,111185,7210.0
4907742,111257,8222.0
4907742,111266,8228.0
4907742,111275,8036.0
4907742,111293,5778.0
4907742,111296,7937.0
4907742,111302,9114.0
4907742,111314,4753.0
4907742,111317,8447.0
4907742,111335,7607.0
4907742,111350,8001.0
4907742,111353,3525.0
4907742,111365,7986.0
4907742,111377,7926.0
4907742,111401,6855.0
4907742,111410,9755.0
4907742,111419,6881.0
4907742,111434,6828.0
4907742,111446,9878.0
4907742,111455,5426.0
4907742,111461,6538.0
4907742,111506,5368.0
4907742,111527,5772.0
4907742,111539,6295.0
4907742,111548,8127.0
4907742,111569,7020.0
4907742,111572,7337.0
4907742,111575,4093.0
4907742,111611,4205.0
4907742,111647,3632.0
4907742,111674,6238.0
4907742,111722,4135.0
4907742,111749,8114.0
4907742,111764,8265.0
4907742,111767,8131.0
4907742,111803,6253.0
4907742,111812,5249.0
4907742,111824,6511.0
4907742,111827,6988.0
4907742,111833,7326.0
4907742,111839,12347.0
4907742,111842,8469.0
4907742,111845,9435.0
4907742,111872,8125.0
4907742,111887,7579.0
4907742,111896,8064.0
4907742,111911,4942.0
4907742,111944,9675.0
4907742,111983,8016.0
4907742,111992,8468.0
4907742,112013,9368.0
4907742,112034,4177.0
4907742,112037,4642.0
4907742,112064,7402.0
4907742,112073,7556.0
4907742,112100,8432.0
4907742,112118,8218.0
4907742,112121,8228.0
4907742,112166,4696.0
4907742,112169,4568.0
4907742,112172,4498.0
4907742,112175,4373.0
4907742,112181,1980.0
4907742,112235,3690.0
4907742,112331,4742.0
4907742,112400,4715.0
4907742,112472,7774.0
4907742,112517,4524.0
4907742,112520,9114.0
4907742,112535,8040.0
4907742,112646,5462.0
4907742,112658,5966.0
4907742,112691,796.0
4907742,112703,1208.0
4907742,112709,1496.0
4907742,112712,695.0
4907742,112715,1077.0
4907742,112721,721.0
4907742,112736,2172.0
4907742,112778,7238.0
4907742,112787,3392.0
4907742,112805,3818.0
4907742,112847,1255.0
4907742,112865,2854.0
4907742,112868,854.0
4907742,112874,2928.0
4907742,112880,7476.0
4907742,112925,1211.0
4907742,112928,1301.0
4907742,112931,570.0
4907742,112946,713.0
4907742,113006,1815.0
4907742,113063,1763.0
4907742,113069,1772.0
4907742,113075,6577.0
4907742,113087,4701.0
4907742,113093,5940.0
4907742,113102,4202.0
4907742,113114,4780.0
4907742,113126,2753.0
4907742,113129,2067.0
4907742,113132,1683.0
4907742,113141,1312.0
4907742,113162,1059.0
4907742,113189,1611.0
4907742,113192,309.0
4907742,113195,8164.0
4907742,113201,7952.0
4907742,113210,5046.0
4907742,113216,321.0
4907742,113249,716.0
4907742,113267,7360.0
4907742,113303,8009.0
4907742,113312,8364.0
4907742,113369,4033.0
4907742,113438,1140.0
4907742,113465,9977.0
4907742,113474,8272.0
4907742,113504,3727.0
4907742,113507,8523.0
4907742,113549,9991.0
4907742,113558,9809.0
4907742,113567,1172.0
4907742,113573,980.0
4907742,113576,797.0
4907742,113582,933.0
4907742,113588,1021.0
4907742,113591,708.0
4907742,113603,3035.0
4907742,113612,3093.0
4907742,113621,1532.0
4907742,113624,2455.0
4907742,113633,8933.0
4907742,113636,9261.0
4907742,113642,2165.0
4907742,113645,3163.0
4907742,113648,3130.0
4907742,113651,2331.0
4907742,113663,10473.0
4907742,113732,3183.0
4907742,113747,8620.0
4907742,113750,3143.0
4907742,113762,3386.0
4907742,113792,2128.0
4907742,113825,8281.0
4907742,113846,3279.0
4907742,113855,1850.0
4907742,113858,2998.0
4907742,113864,3372.0
4907742,113876,2116.0
4907742,113882,1459.0
4907742,113888,1354.0
4907742,113891,8301.0
4907742,113894,1246.0
4907742,113906,1263.0
4907742,113948,6793.0
4907742,113954,2616.0
4907742,113975,6108.0
4907742,113993,2069.0
4907742,114020,2447.0
4907742,114032,2583.0
4907742,114065,2664.0
4907742,114080,3055.0
4907742,114089,1839.0
4907742,114140,2288.0
4907742,114146,1878.0
4907742,114206,2141.0
4907742,114251,1745.0
4907742,114278,10201.0
4907742,114299,1803.0
4907742,114344,2364.0
4907742,114377,2741.0
4907742,114392,2440.0
4907742,114395,2507.0
4907742,114413,2186.0
4907742,114425,3158.0
4907742,114428,3637.0
4907742,114446,9839.0
4907742,114449,9738.0
4907742,114461,2349.0
4907742,114473,2319.0
4907742,114479,3017.0
4907742,114527,4217.0
4907742,114551,5564.0
4907742,114620,2641.0
4907742,114698,4201.0
4907742,114731,2881.0
4907742,114755,9414.0
4907742,114824,3561.0
4907742,114878,3825.0
4907742,114947,3490.0
4907742,115001,9686.0
4907742,115076,4411.0
4907742,115316,6945.0
4907742,115319,6589.0
4907742,115322,6343.0
4907742,115331,4706.0
4907742,115334,4491.0
4907742,115337,5089.0
4907742,115343,9855.0
4907742,115457,7285.0
4907742,115481,7857.0
4907742,115499,5676.0
4907742,115568,10174.0
4907742,115640,5084.0
4907742,115676,5101.0
4907742,115688,10241.0
4907742,115691,10519.0
4907742,115694,5143.0
4907742,115709,8591.0
4907742,115712,8821.0
4907742,115793,5234.0
4907742,115820,7524.0
4907742,116045,7674.0
4907742,116102,8612.0
4907742,116111,6633.0
4907742,116117,6675.0
4907742,116288,9731.0
4907742,116300,6859.0
4907742,116321,6899.0
4907742,116327,7215.0
4907742,116381,9110.0
4907742,116387,6214.0
4907742,116450,6358.0
4907742,116525,8028.0
4907742,116579,10057.0
4907742,116672,6915.0
4907742,116723,8112.0
4907742,116852,10300.0
4907742,117017,7826.0
4907742,117050,8605.0
4907742,117092,8082.0
4907742,117170,8292.0
4907742,117191,8237.0
4907742,117206,8328.0
4907742,117290,9034.0
4907742,117293,9548.0
4907742,117608,8964.0
4907742,117614,9882.0
4907742,117638,8388.0
4907742,117767,9927.0
4907742,117770,10090.0
4907742,117896,8953.0
4907742,117989,10297.0
4907742,118019,9149.0
4907742,118031,9819.0
4907742,118034,9384.0
4907742,118040,9156.0
4907742,118118,10435.0
4907742,118331,10462.0
4907742,118388,10727.0
4907742,118535,9826.0
4907742,118643,10445.0
4907742,107676,9658.0
4907742,107826,9651.0
4907742,107832,9255.0
4907742,108003,9089.0
4907742,108015,9236.0
4907742,108018,11895.0
4907742,108132,9109.0
4907742,108387,8614.0
4907742,108573,8302.0
4907742,108582,8359.0
4907742,108585,8476.0
4907742,108591,8569.0
4907742,108603,8805.0
4907742,108606,8283.0
4907742,108663,8775.0
4907742,108693,9112.0
4907742,108720,7891.0
4907742,108726,7585.0
4907742,108732,8207.0
4907742,108735,8236.0
4907742,108738,8091.0
4907742,108741,8301.0
4907742,108750,8426.0
4907742,108756,10699.0
4907742,108798,7533.0
4907742,108807,7975.0
4907742,108810,8049.0
4907742,108876,8277.0
4907742,108882,8099.0
4907742,108909,7745.0
4907742,108915,8830.0
4907742,108924,8307.0
4907742,108927,7769.0
4907742,108933,8820.0
4907742,108936,7407.0
4907742,108939,7969.0
4907742,108951,9409.0
4907742,108960,7252.0
4907742,108969,6908.0
4907742,108993,6698.0
4907742,108999,7559.0
4907742,109005,7912.0
4907742,109008,7115.0
4907742,109020,8114.0
4907742,109038,7055.0
4907742,109041,7566.0
4907742,109044,8143.0
4907742,109068,7820.0
4907742,109074,7681.0
4907742,109101,6413.0
4907742,109203,6491.0
4907742,109206,7153.0
4907742,109209,6743.0
4907742,109224,7243.0
4907742,109227,6590.0
4907742,109236,7113.0
4907742,109254,6576.0
4907742,109269,6237.0
4907742,109275,6217.0
4907742,109281,7287.0
4907742,109284,7481.0
4907742,109299,7681.0
4907742,109329,7686.0
4907742,109335,8387.0
4907742,109344,8328.0
4907742,109347,9834.0
4907742,109362,7697.0
4907742,109446,9378.0
4907742,109455,7372.0
4907742,109473,9026.0
4907742,109479,8501.0
4907742,109497,10331.0
4907742,109635,7225.0
4907742,109638,7689.0
4907742,109650,5986.0
4907742,109662,5644.0
4907742,109665,6689.0
4907742,109683,6944.0
4907742,109704,9033.0
4907742,109710,5822.0
4907742,109719,9739.0
4907742,109731,10178.0
4907742,109734,10167.0
4907742,109749,9843.0
4907742,109842,7459.0
4907742,109875,5946.0
4907742,109884,5946.0
4907742,109887,6312.0
4907742,109890,7908.0
4907742,109926,8363.0
4907742,110004,9300.0
4907742,110010,9353.0
4907742,110025,9660.0
4907742,110052,8742.0
4907742,110115,10677.0
4907742,110130,10059.0
4907742,110154,6154.0
4907742,110181,9377.0
4907742,110190,8310.0
4907742,110244,7951.0
4907742,110253,10870.0
4907742,110265,10812.0
4907742,110271,9350.0
4907742,110280,9350.0
4907742,110298,9459.0
4907742,110310,9277.0
4907742,110331,10357.0
4907742,110358,5905.0
4907742,110364,6220.0
4907742,110379,5851.0
4907742,110397,6958.0
4907742,110406,6164.0
4907742,110457,8034.0
4907742,110463,8368.0
4907742,110715,9254.0
4907742,110718,7519.0
4907742,110727,7990.0
4907742,110733,8045.0
4907742,110757,4296.0
4907742,110763,8290.0
4907742,110814,6362.0
4907742,110820,5989.0
4907742,110826,6176.0
4907742,110850,7202.0
4907742,110853,7436.0
4907742,110856,5202.0
4907742,110859,5213.0
4907742,110868,7501.0
4907742,110877,7654.0
4907742,110883,8625.0
4907742,110889,8664.0
4907742,110916,7400.0
4907742,110919,7100.0
4907742,110937,8338.0
4907742,111015,7501.0
4907742,111144,8230.0
4907742,111150,6994.0
4907742,111165,6837.0
4907742,111201,5557.0
4907742,111258,8231.0
4907742,111267,8085.0
4907742,111276,5490.0
4907742,111279,5689.0
4907742,111282,5745.0
4907742,111291,6077.0
4907742,111321,7975.0
4907742,111333,3422.0
4907742,111339,7865.0
4907742,111363,7321.0
4907742,111366,4357.0
4907742,111378,7906.0
4907742,111387,7966.0
4907742,111396,4218.0
4907742,111402,6881.0
4907742,111417,9523.0
4907742,111435,6896.0
4907742,111456,6955.0
4907742,111480,5169.0
4907742,111519,5684.0
4907742,111525,5408.0
4907742,111531,3093.0
4907742,111549,4432.0
4907742,111555,8210.0
4907742,111567,7104.0
4907742,111582,6527.0
4907742,111597,3955.0
4907742,111630,8263.0
4907742,111678,5974.0
4907742,111747,8114.0
4907742,111756,8249.0
4907742,111813,5465.0
4907742,111816,5876.0
4907742,111822,4171.0
4907742,111825,6726.0
4907742,111828,7126.0
4907742,111834,7547.0
4907742,111840,8420.0
4907742,111843,8631.0
4907742,111849,9304.0
4907742,111885,8123.0
4907742,111897,6425.0
4907742,111909,9350.0
4907742,111918,9521.0
4907742,111969,4692.0
4907742,111981,8258.0
4907742,111984,7971.0
4907742,111990,8344.0
4907742,111993,8137.0
4907742,112008,7242.0
4907742,112026,4583.0
4907742,112074,8201.0
4907742,112131,8428.0
4907742,112161,2123.0
4907742,112164,4832.0
4907742,112167,4629.0
4907742,112179,4240.0
4907742,112182,4348.0
4907742,112212,6768.0
4907742,112233,3828.0
4907742,112257,9665.0
4907742,112263,8045.0
4907742,112281,7778.0
4907742,112290,8216.0
4907742,112332,4678.0
4907742,112341,1900.0
4907742,112347,3052.0
4907742,112353,7833.0
4907742,112395,1600.0
4907742,112509,4541.0
4907742,112524,8386.0
4907742,112563,4480.0
4907742,112602,4936.0
4907742,112626,5990.0
4907742,112641,2696.0
4907742,112680,864.0
4907742,112692,914.0
4907742,112704,1183.0
4907742,112707,1247.0
4907742,112719,733.0
4907742,112785,2993.0
4907742,112809,3915.0
4907742,112908,7110.0
4907742,112914,1542.0
4907742,112917,1469.0
4907742,112923,792.0
4907742,112938,1283.0
4907742,112956,1506.0
4907742,112962,1674.0
4907742,113007,947.0
4907742,113049,420.0
4907742,113052,2932.0
4907742,113055,4847.0
4907742,113067,2076.0
4907742,113073,4801.0
4907742,113085,2520.0
4907742,113094,4567.0
4907742,113169,1790.0
4907742,113178,738.0
4907742,113184,8018.0
4907742,113193,360.0
4907742,113256,469.0
4907742,113265,7139.0
4907742,113301,8020.0
4907742,113316,4125.0
4907742,113331,2994.0
4907742,113337,4142.0
4907742,113343,5759.0
4907742,113364,652.0
4907742,113370,3786.0
4907742,113385,2888.0
4907742,113406,2746.0
4907742,113412,10444.0
4907742,113433,10367.0
4907742,113466,9972.0
4907742,113517,8555.0
4907742,113562,1486.0
4907742,113571,947.0
4907742,113586,1021.0
4907742,113589,1019.0
4907742,113595,9563.0
4907742,113610,2707.0
4907742,113613,3311.0
4907742,113631,8920.0
4907742,113634,9004.0
4907742,113637,9543.0
4907742,113640,2017.0
4907742,113643,9496.0
4907742,113676,2876.0
4907742,113724,5690.0
4907742,113727,5353.0
4907742,113730,3101.0
4907742,113733,7693.0
4907742,113781,8519.0
4907742,113787,2321.0
4907742,113793,2457.0
4907742,113805,2293.0
4907742,113808,1792.0
4907742,113826,8293.0
4907742,113835,3441.0
4907742,113838,3274.0
4907742,113841,3684.0
4907742,113844,8247.0
4907742,113859,3335.0
4907742,113880,10628.0
4907742,113892,1319.0
4907742,113898,1546.0
4907742,113901,1794.0
4907742,113910,1439.0
4907742,113913,1307.0
4907742,113931,2363.0
4907742,113949,2517.0
4907742,113961,6155.0
4907742,113979,4480.0
4907742,113988,1953.0
4907742,113991,2106.0
4907742,114015,2164.0
4907742,114021,2590.0
4907742,114054,9679.0
4907742,114060,4204.0
4907742,114072,5489.0
4907742,114081,3040.0
4907742,114099,4115.0
4907742,114114,2255.0
4907742,114120,2180.0
4907742,114141,1934.0
4907742,114177,4104.0
4907742,114186,3010.0
4907742,114249,2164.0
4907742,114279,2332.0
4907742,114288,1755.0
4907742,114291,1769.0
4907742,114357,9828.0
4907742,114372,2686.0
4907742,114375,2765.0
4907742,114381,3194.0
4907742,114396,2075.0
4907742,114399,2195.0
4907742,114414,2108.0
4907742,114420,2798.0
4907742,114444,2686.0
4907742,114459,2376.0
4907742,114468,2358.0
4907742,114486,2731.0
4907742,114513,2992.0
4907742,114516,3827.0
4907742,114531,3947.0
4907742,114546,2826.0
4907742,114561,2569.0
4907742,114591,6622.0
4907742,114639,10183.0
4907742,114642,9892.0
4907742,114714,3896.0
4907742,114741,3822.0
4907742,114756,9418.0
4907742,114807,3735.0
4907742,114828,10252.0
4907742,114846,4385.0
4907742,114888,4010.0
4907742,114918,3573.0
4907742,115002,9686.0
4907742,115083,4695.0
4907742,115317,6918.0
4907742,115326,4879.0
4907742,115329,4555.0
4907742,115332,6050.0
4907742,115335,4449.0
4907742,115464,9868.0
4907742,115479,7635.0
4907742,115539,8718.0
4907742,115620,5341.0
4907742,115623,6718.0
4907742,115626,6579.0
4907742,115665,5069.0
4907742,115686,7092.0
4907742,115692,7350.0
4907742,115710,8738.0
4907742,115785,5207.0
4907742,115788,9298.0
4907742,115800,5421.0
4907742,115839,6095.0
4907742,115845,5774.0
4907742,115848,10411.0
4907742,115851,7183.0
4907742,115866,6237.0
4907742,115920,6310.0
4907742,116127,9024.0
4907742,116133,9185.0
4907742,116139,9190.0
4907742,116145,6884.0
4907742,116154,6852.0
4907742,116163,6969.0
4907742,116391,6128.0
4907742,116457,7597.0
4907742,116535,10244.0
4907742,116616,9025.0
4907742,116721,7504.0
4907742,116739,7018.0
4907742,116976,7879.0
4907742,117027,7854.0
4907742,117057,10599.0
4907742,117087,7948.0
4907742,117132,8784.0
4907742,117198,8163.0
4907742,117273,8308.0
4907742,117279,7879.0
4907742,117291,9170.0
4907742,117324,9496.0
4907742,117339,9874.0
4907742,117444,10026.0
4907742,117489,9535.0
4907742,117591,9037.0
4907742,117609,9727.0
4907742,117612,10021.0
4907742,117633,8336.0
4907742,117714,10159.0
4907742,117735,10529.0
4907742,117750,10170.0
4907742,117753,8723.0
4907742,117948,9466.0
4907742,118035,9448.0
4907742,118053,9446.0
4907742,118056,10487.0
4907742,118095,11480.0
4907742,118122,9436.0
4907742,118197,10635.0
4907742,118680,10343.0
4907742,118686,10724.0
